6
8
0 1 2 3 4 5 6 7
1 1 1 1 1 1 1 1
4
0 1 2 3
1 3 3 1
4
0 1 3 4
4 4 4 4
3
-1 0 1
1 2 1
5
-2 -1 0 1 2
1 2 2 2 1
49
-29 -28 -27 -26 -25 -24 -23 -22 -21 -20 -19 -18 -17 -16 -15 -14 -13 -12 -11 -10 -9 -8 -7 -6 -5 -4 -3 -2 -1 0 1 2 3 4 5 6 7 8 9 10 11 12 13 14 15 16 17 18 19
8 24 56 144 288 544 992 1648 2648 4072 5984 8504 11680 15544 20056 25216 30808 36680 42672 48344 53568 57992 61312 63432 64144 63432 61312 57992 53568 48344 42672 36680 30808 25216 20056 15544 11680 8504 5984 4072 2648 1648 992 544 288 144 56 24 8
