22015
21845
20825
19166
19018
18907
18761
18648
18504
18130
17885
17640
15799
15677
15540
15420
14960
14945
14790
14700
13770
13515
13024
12876
12848
12702
12672
12528
12240
12070
11988
11826
11766
11664
11607
11448
11050
10736
10656
10619
10614
10560
10537
10512
10508
10440
10368
10366
10224
10045
9882
9775
9720
9699
9620
9540
9490
9360
8784
8662
8640
8520
8510
8500
8395
8330
8280
8029
7967
7930
7800
7770
7710
7595
7511
7453
7400
7350
7310
7300
7252
7216
7200
7154
7134
7105
7056
7055
7015
6900
6642
6519
6460
6364
6278
6192
6142
6100
6059
6000
5978
5976
5904
5880
5822
5624
5548
5472
5456
5394
5330
5280
5246
5220
5160
5104
5063
5046
5022
4980
4929
4860
4770
4715
4698
4636
4611
4560
4464
4402
4320
4260
4176
4118
4100
4030
4018
3900
3770
3740
3565
3526
3450
3403
3335
3256
3212
3168
3116
3100
3038
3000
2940
2900
2842
2720
2684
2666
2640
2580
2573
2494
2490
2407
2368
2356
2336
2304
2280
2204
1952
1920
1804
1364
1320
1312
1276
1190
1036
1022
1020
1008
992
960
928
888
876
864
854
840
732
720
574
492
434
420
406
372
360
348
259
257
245
176
174
170
162
159
148
146
144
144
142
130
122
120
115
100
98
86
83
82
76
62
60
58
44
32
14
12
2
-22
-22
-24
-26
-44
-46
-88
-104
-132
-132
-144
-154
-154
-156
-166
-168
-182
-192
-264
-276
-308
-322
-352
-352
-384
-416
-484
-484
-528
-528
-572
-616
-624
-704
-728
-736
-836
-836
-912
-913
-913
-946
-946
-968
-988
-996
-996
-1012
-1032
-1078
-1078
-1079
-1100
-1100
-1118
-1152
-1162
-1176
-1200
-1265
-1265
-1274
-1300
-1344
-1380
-1408
-1430
-1430
-1495
-1560
-1562
-1562
-1584
-1584
-1664
-1672
-1690
-1704
-1728
-1748
-1749
-1749
-1782
-1782
-1826
-1846
-1872
-1892
-1908
-1909
-1914
-1914
-1936
-1936
-1936
-1944
-1978
-2067
-2088
-2106
-2112
-2156
-2200
-2254
-2262
-2288
-2288
-2300
-2530
-2645
-2656
-2695
-2695
-2827
-2827
-2849
-2849
-2860
-2940
-2990
-3072
-3084
-3108
-3124
-3168
-3185
-3266
-3312
-3341
-3344
-3367
-3498
-3564
-3652
-3652
-3657
-3726
-3784
-3828
-3872
-3952
-4002
-4048
-4224
-4312
-4316
-4400
-4472
-5060
-5096
-5200
-5390
-5635
-5654
-5698
-5720
-5911
-5957
-5980
-6248
-6308
-6336
-6760
-6889
-6996
-7128
-7138
-7296
-7384
-7488
-7656
-7744
-7968
-8134
-8256
-8268
-8300
-8424
-9048
-9152
-9408
-9545
-9600
-10780
-10790
-11040
-11308
-11396
-11786
-11952
-12480
-12740
-13197
-13364
-13446
-13468
-13632
-13824
-14442
-14608
-15264
-15552
-16704
-16896
-20335
-21331
-21497
-23520
-24672
-24864
