1000
2
1 56
8 41
2
3 70
3 45
2
3 21
6 19
6
3 75
7 21
3 57
2 62
2 50
3 15
4
7 72
9 13
4 26
8 10
4
9 30
5 15
3 91
3 66
4
6 86
9 47
3 29
3 70
6
8 61
4 8
10 80
7 84
10 37
7 6
4
3 17
3 8
2 81
8 62
3
5 44
9 9
1 8
3
4 64
10 21
9 24
1
1 91
8
8 67
8 41
8 58
10 5
6 17
3 82
7 37
8 84
8
9 47
8 30
10 42
5 81
5 71
3 33
10 88
8 67
2
4 80
5 10
7
8 34
10 12
8 9
3 82
10 18
9 32
7 85
2
7 9
4 8
2
8 97
5 65
6
2 74
9 9
4 16
3 32
4 34
3 45
3
6 64
6 80
5 17
7
8 31
2 71
2 27
1 53
2 76
3 19
7 68
5
3 46
2 5
10 100
3 74
2 15
8
2 100
7 70
6 37
7 11
1 84
1 79
1 46
1 5
2
2 42
9 23
1
1 92
2
4 35
9 72
5
1 29
4 45
7 27
2 85
4 22
4
7 30
2 62
6 23
5 91
8
10 25
8 46
9 24
9 62
4 11
2 24
8 37
4 16
3
1 85
7 34
8 57
8
6 50
5 43
7 62
4 87
10 48
8 5
1 82
1 95
7
5 31
8 86
9 65
5 35
4 80
1 37
2 49
3
9 18
5 62
5 39
6
6 72
8 26
7 27
8 74
6 20
4 14
5
3 11
2 80
9 30
8 69
3 77
4
1 33
2 42
4 9
10 16
5
10 1
5 40
4 83
8 50
4 36
7
7 55
10 67
2 47
8 50
1 18
1 74
5 82
6
5 21
8 54
10 98
6 41
10 38
3 80
5
6 52
2 12
2 58
10 89
5 47
2
3 94
8 55
8
4 81
1 81
2 99
9 81
2 25
4 37
2 94
10 50
7
6 35
2 5
5 15
7 27
4 21
10 64
6 25
4
1 60
7 9
3 89
4 17
1
8 11
6
7 12
2 47
1 100
6 23
3 63
1 62
4
6 35
5 46
10 80
5 94
3
10 5
9 44
7 84
3
9 10
6 42
4 27
3
1 48
7 42
1 27
6
1 1
6 82
5 45
2 16
10 74
2 24
8
10 90
2 19
8 44
10 93
5 26
2 59
6 17
5 17
6
4 47
4 88
10 34
8 96
5 93
8 3
4
8 91
7 29
2 14
5 80
3
1 36
9 13
10 56
6
9 42
9 19
3 96
2 89
7 12
7 43
2
8 77
1 73
6
7 22
8 53
10 84
7 30
2 61
5 85
2
8 35
6 4
7
8 97
7 19
5 54
5 72
10 19
3 20
3 11
1
3 66
1
1 22
6
6 95
9 33
7 55
10 9
7 60
3 5
6
10 12
10 37
4 41
10 51
6 47
3 5
7
3 85
4 42
6 45
7 66
6 1
10 37
2 31
3
5 38
4 9
5 1
7
10 33
2 94
10 99
8 84
1 19
4 17
9 79
4
10 15
8 37
3 45
6 31
1
1 17
5
2 8
5 81
4 3
10 58
6 4
3
5 64
2 57
7 44
6
10 41
8 97
7 41
9 95
6 17
8 47
6
9 28
8 93
2 87
8 80
5 42
4 19
4
1 3
1 80
1 14
1 1
2
2 98
5 58
8
6 78
5 40
9 76
5 57
9 62
9 10
5 87
4 31
2
10 63
8 87
5
1 62
2 50
4 27
1 56
4 65
6
8 56
2 78
5 39
2 25
4 57
2 57
6
9 100
1 42
9 45
1 29
8 51
7 25
3
3 92
10 99
3 23
6
5 50
7 47
2 41
10 28
2 58
5 2
6
1 23
9 70
9 75
4 68
4 80
9 85
8
6 98
7 44
7 13
8 76
1 8
4 50
5 59
6 53
1
3 92
6
4 61
7 54
9 61
5 14
9 79
2 78
8
8 77
6 70
10 23
10 75
7 37
1 41
1 49
1 59
4
7 79
5 54
8 69
3 37
1
8 35
5
5 9
6 72
3 25
5 67
9 53
1
8 13
1
3 82
4
10 76
3 4
2 78
5 58
2
5 93
9 97
8
8 10
4 67
3 55
5 68
4 35
10 75
4 96
1 89
5
9 10
7 37
1 50
7 38
10 20
4
2 23
3 61
7 30
4 47
8
1 3
2 7
3 72
10 89
5 1
7 50
1 24
6 21
8
2 40
2 10
4 31
8 83
9 37
7 41
1 35
4 15
4
6 75
8 33
1 9
9 7
7
8 79
4 33
5 19
2 21
7 40
7 91
9 8
1
9 92
6
4 52
8 89
4 23
1 28
8 44
7 11
1
9 1
6
4 41
6 34
4 13
1 49
9 33
2 23
5
10 67
2 37
2 23
1 22
4 18
7
7 93
8 43
5 19
1 50
3 7
5 97
10 33
5
1 3
9 83
5 16
3 44
7 23
6
3 88
4 44
9 4
7 91
9 27
1 75
5
6 7
6 43
3 39
4 82
7 74
8
1 18
10 30
4 96
1 29
3 13
1 65
9 51
8 42
2
2 3
4 44
4
3 63
6 37
10 72
9 43
5
2 85
5 54
4 76
5 24
1 4
8
10 34
1 93
10 99
3 4
4 41
8 3
10 62
1 81
4
2 37
7 78
7 58
6 37
5
10 5
10 83
1 83
1 98
6 80
5
2 88
4 70
3 92
2 27
3 12
5
4 91
1 58
2 28
9 92
3 74
4
2 59
6 29
2 34
2 90
4
2 99
6 96
7 74
3 16
1
1 67
8
9 34
1 72
8 86
8 73
3 20
3 92
8 22
8 100
7
4 35
9 29
2 46
5 87
3 81
5 69
10 51
7
3 74
6 41
3 58
4 24
3 3
8 52
1 84
3
9 35
3 77
2 24
1
1 43
4
2 16
2 6
6 83
4 55
6
7 31
1 41
6 86
9 86
4 99
7 16
7
8 39
1 17
6 92
1 25
7 96
3 32
5 42
7
4 90
8 63
7 63
4 64
3 56
1 75
2 75
2
8 7
2 41
7
4 12
6 18
2 85
3 46
5 77
4 34
9 49
6
7 37
2 96
5 37
4 45
5 60
8 18
3
5 77
1 72
6 7
7
4 3
9 65
10 65
9 70
4 53
6 41
8 79
1
4 96
4
4 69
5 90
3 25
4 56
4
2 22
9 51
1 44
7 46
6
1 37
8 21
5 56
5 4
10 39
1 13
6
8 28
1 92
6 32
3 89
10 7
1 53
7
7 52
1 84
10 9
9 55
7 70
10 68
3 84
1
2 61
5
2 41
1 54
7 46
2 72
2 78
3
9 47
5 24
9 62
7
3 41
4 12
8 100
2 59
2 19
4 31
10 12
3
8 92
10 84
3 34
7
1 17
9 23
1 21
1 56
8 46
7 1
8 86
4
10 35
6 81
10 55
8 14
3
10 77
3 65
9 12
5
4 41
7 2
7 40
9 5
7 65
4
4 93
9 96
8 55
3 52
3
8 53
9 75
6 15
2
4 86
5 7
2
3 53
4 84
6
9 4
10 96
1 74
4 40
8 96
7 35
6
1 57
4 98
9 82
3 15
10 97
8 69
4
2 19
7 92
5 92
10 78
8
4 72
9 72
1 50
4 82
6 42
5 41
1 26
4 5
1
1 8
5
10 56
7 94
5 29
5 19
9 13
1
10 68
2
5 27
3 43
2
10 18
1 77
6
5 5
10 100
8 3
8 64
7 68
9 40
7
3 82
4 5
1 44
5 49
1 66
5 53
6 11
2
6 82
1 60
2
9 35
9 77
2
2 18
3 23
6
2 2
6 53
8 65
9 86
8 88
8 22
1
4 57
2
8 57
8 63
5
2 79
7 95
4 87
6 16
7 92
5
5 44
4 62
8 1
9 35
3 63
1
2 37
2
3 91
4 53
3
7 48
7 91
4 34
6
7 29
5 8
1 30
3 77
5 86
1 36
1
8 27
5
10 7
2 39
1 15
2 95
2 72
3
2 43
8 53
5 91
2
3 49
4 63
1
3 73
7
10 75
9 98
3 94
3 43
9 89
1 9
9 25
4
4 10
3 50
8 76
6 12
6
10 56
3 94
4 27
3 68
9 45
5 95
4
10 58
9 44
5 66
7 4
5
6 4
1 74
6 10
6 11
4 61
7
1 46
1 70
3 1
8 16
3 32
1 96
5 57
2
5 52
7 62
4
6 34
6 34
4 30
9 13
7
9 28
10 1
9 91
4 96
5 48
1 58
6 23
6
7 34
4 21
4 3
9 97
4 15
6 85
6
9 55
3 39
1 37
8 48
1 25
1 78
6
6 25
5 50
5 7
6 28
3 53
2 50
4
5 64
6 72
9 15
10 50
8
7 31
6 46
7 30
8 73
5 46
10 73
2 44
1 92
2
8 58
2 7
6
2 93
6 38
6 74
7 44
8 66
9 85
4
4 76
5 24
7 11
9 26
8
3 65
10 83
2 74
8 73
8 19
2 18
5 19
5 17
3
8 84
1 87
7 11
5
2 36
8 13
10 84
1 91
8 71
1
4 57
6
4 30
9 28
8 61
3 87
5 91
4 88
8
1 15
2 63
3 50
9 67
8 87
9 69
7 36
4 91
3
2 87
4 85
7 31
8
2 66
9 14
8 9
9 90
8 2
2 98
3 26
1 30
6
1 61
5 47
5 50
5 29
6 19
6 24
6
4 15
2 3
3 89
1 9
10 60
10 71
3
10 54
6 4
10 29
5
5 87
1 61
2 21
3 99
4 74
2
1 1
6 80
3
3 92
3 11
3 7
5
3 75
2 38
4 66
5 100
7 89
2
2 42
6 98
6
1 4
1 94
5 37
3 12
7 61
2 58
4
3 64
5 95
3 31
9 45
7
3 53
5 16
2 31
5 76
10 5
4 47
1 3
7
1 10
9 72
7 12
9 57
7 59
4 62
4 93
1
6 15
4
3 13
6 91
7 58
8 9
7
4 41
5 70
4 27
8 39
1 34
7 20
5 68
1
4 98
8
7 37
8 17
7 100
4 41
9 43
1 42
6 92
4 43
1
4 29
5
6 50
9 9
6 34
8 94
10 56
3
9 90
8 74
6 51
8
8 46
4 71
4 29
2 1
9 7
2 89
10 82
6 22
3
7 96
4 67
8 26
4
8 96
2 63
9 86
5 65
4
9 46
8 8
2 32
6 54
8
2 17
6 29
10 92
10 91
1 94
4 56
6 9
5 43
5
8 13
9 12
10 37
10 86
4 25
2
7 96
1 90
6
7 89
8 61
7 29
6 99
3 84
2 22
7
8 38
6 89
5 55
9 85
1 33
8 69
5 42
4
9 57
3 16
4 16
2 34
7
2 88
10 2
2 62
7 65
6 18
5 9
2 93
3
10 48
8 70
3 86
1
1 14
4
4 71
1 13
2 50
3 51
3
4 69
6 42
4 33
1
4 72
8
8 99
7 11
5 13
10 68
2 24
2 53
8 52
10 54
5
4 71
10 7
4 43
5 82
10 45
6
4 77
10 17
2 95
3 2
6 55
9 46
5
1 23
3 45
1 48
9 27
4 11
6
2 35
1 43
9 94
10 41
3 75
9 93
4
1 53
8 17
10 29
9 59
7
2 84
5 53
9 91
4 73
3 17
8 33
7 46
2
10 16
7 46
4
10 76
3 16
4 67
2 26
1
7 62
3
10 22
2 61
4 12
8
8 38
8 40
4 68
5 21
8 34
10 26
10 59
5 81
4
6 95
9 40
1 58
6 100
6
3 29
8 98
10 54
5 11
1 20
10 60
1
3 98
6
4 19
4 97
4 17
4 11
3 63
10 61
3
7 3
7 14
4 76
5
1 45
1 94
2 71
5 70
9 19
4
8 91
9 67
2 88
4 83
3
2 45
1 15
3 7
6
8 30
1 35
2 80
9 91
7 30
4 39
4
7 36
3 71
3 87
8 16
8
8 62
6 91
5 53
8 90
1 33
6 24
10 83
6 69
6
3 23
9 47
4 9
8 32
4 13
1 34
8
5 60
4 46
10 56
10 65
1 12
3 5
10 59
1 5
1
7 30
6
10 74
9 12
5 99
5 37
5 74
9 56
5
6 83
4 64
10 36
6 19
1 10
3
10 46
8 81
1 35
5
6 83
4 88
3 82
4 13
2 17
4
3 24
2 55
6 37
10 50
8
3 74
10 39
7 17
3 68
1 97
6 88
9 41
7 15
7
8 63
3 53
4 98
2 50
7 46
9 76
5 10
8
7 10
3 50
3 8
8 70
5 24
3 28
6 36
9 18
1
4 68
8
4 23
2 73
3 5
2 84
3 91
8 30
2 24
1 8
4
6 11
1 27
3 63
7 46
6
5 11
4 12
6 3
10 54
4 53
1 44
6
5 1
1 22
6 31
7 14
9 56
2 39
2
7 8
5 34
3
3 8
4 16
1 32
2
6 1
9 51
2
6 70
5 99
4
2 98
6 90
1 76
7 77
6
4 50
9 60
5 69
4 22
9 89
7 26
4
5 83
5 85
7 93
10 67
3
4 85
6 32
2 68
1
2 35
3
8 65
7 68
1 93
7
10 93
2 34
10 87
8 19
6 56
8 95
2 5
4
10 19
4 64
5 96
6 69
4
6 82
9 78
3 21
3 100
2
9 52
8 79
6
9 57
3 84
4 90
4 90
4 11
6 66
2
8 21
8 94
5
7 65
7 69
10 70
6 2
10 86
5
3 30
6 96
7 60
2 10
2 76
3
6 78
8 8
2 41
7
8 30
9 45
8 18
1 66
6 71
9 34
1 27
7
9 37
6 88
5 70
5 3
6 97
7 93
4 8
4
8 5
7 67
9 23
8 27
7
9 47
10 93
1 64
5 94
1 69
3 8
3 23
3
6 65
1 69
3 20
3
4 26
7 57
6 92
2
6 14
7 89
4
2 95
4 25
5 6
7 66
3
6 8
4 71
10 25
7
9 36
7 56
9 22
9 70
8 72
10 30
2 60
3
7 48
6 19
7 93
6
7 20
3 89
2 7
2 14
7 33
7 79
3
10 67
6 59
9 76
1
2 98
8
2 64
2 32
4 46
2 81
6 21
7 52
1 39
7 3
7
5 95
7 17
8 2
7 95
8 83
2 96
5 9
6
3 15
8 64
2 86
5 81
1 98
8 29
2
7 49
7 42
1
7 25
2
6 67
2 37
3
8 45
5 40
3 88
1
1 68
3
6 3
4 89
1 39
6
7 81
4 28
3 44
9 82
10 82
7 77
6
1 3
4 16
7 13
1 85
10 20
8 16
6
9 1
6 4
5 2
3 53
7 33
4 62
5
2 75
5 92
7 39
1 89
10 83
2
1 54
9 68
3
6 43
1 65
4 86
2
9 59
4 74
6
8 96
4 57
6 81
4 47
8 87
4 93
6
10 24
6 42
10 53
9 4
6 18
7 43
1
5 77
7
7 68
2 79
2 32
6 18
4 99
8 34
2 2
3
4 95
2 69
10 5
4
6 53
8 8
1 77
4 50
8
4 3
2 21
6 44
3 10
6 42
7 32
10 10
8 42
5
5 59
4 45
9 51
8 68
2 95
7
1 18
10 58
3 83
4 23
7 44
10 79
8 55
8
2 6
6 68
6 70
10 46
6 65
9 63
9 28
7 63
7
10 80
7 20
10 51
1 22
6 30
8 69
6 66
1
7 94
3
1 37
6 78
3 50
3
4 75
10 1
7 21
5
8 33
10 84
9 75
8 9
4 50
6
8 45
6 33
10 6
9 67
5 10
9 46
4
3 80
9 1
8 10
1 64
3
5 45
5 39
8 11
3
10 20
6 67
8 9
2
9 73
1 32
3
4 10
3 88
10 79
4
5 97
1 67
9 71
2 30
3
10 85
2 17
1 40
7
1 70
2 8
9 26
4 73
6 18
8 13
3 38
8
5 7
7 99
2 73
7 29
2 81
4 53
4 37
3 100
1
10 2
5
6 76
6 60
5 49
1 89
5 7
3
2 73
5 3
9 3
2
4 54
10 91
8
4 16
2 12
2 60
9 17
10 28
10 75
5 80
8 32
3
5 95
1 100
4 57
8
3 82
1 74
1 75
6 58
9 5
4 71
1 7
2 2
5
4 80
2 45
9 57
7 15
4 16
7
2 35
4 54
3 37
3 78
2 1
3 70
5 20
1
10 85
7
3 6
5 71
2 5
7 48
2 10
10 31
5 98
8
6 80
2 60
7 4
7 42
10 70
6 32
2 35
9 57
2
9 70
3 31
8
5 74
2 40
1 14
7 3
9 47
5 1
5 60
3 85
7
10 95
4 50
5 1
7 39
5 62
3 2
10 28
8
2 80
1 34
4 26
9 23
7 77
9 77
2 28
10 98
6
9 9
7 42
8 88
6 34
10 6
10 51
2
10 10
7 32
3
2 100
2 3
7 22
1
1 40
4
7 25
6 61
2 100
8 39
1
8 7
5
1 100
4 63
5 43
5 37
3 25
2
4 45
3 10
4
8 89
7 26
5 68
7 17
3
6 37
6 51
6 97
6
6 4
7 46
9 93
4 47
1 27
3 88
6
2 48
10 27
7 38
1 45
4 94
5 84
5
7 72
2 22
5 30
4 81
2 66
8
3 2
3 12
10 13
9 74
1 64
5 4
6 84
6 87
3
8 20
2 80
4 3
7
6 27
10 75
5 10
6 97
9 45
1 81
8 17
1
8 25
5
8 96
10 96
2 61
2 82
6 99
1
1 60
3
10 25
1 25
8 88
4
9 55
3 55
1 76
2 89
7
9 31
2 59
3 19
4 89
1 69
9 61
7 16
2
6 74
3 63
1
8 79
1
6 2
6
7 74
3 96
6 40
4 65
9 6
8 27
7
8 82
3 92
3 3
1 63
10 62
7 95
9 4
4
3 52
5 20
2 32
1 97
7
7 61
2 53
9 86
7 91
9 69
8 54
6 68
3
2 75
10 66
3 93
5
3 66
5 65
8 13
6 43
5 3
1
7 10
5
5 96
1 47
6 66
7 68
6 58
6
9 63
6 17
9 65
7 51
2 21
7 94
7
1 77
4 51
3 80
7 5
3 53
5 22
1 88
6
8 95
8 63
5 16
7 45
2 70
5 99
8
2 20
7 25
1 51
8 38
2 42
6 25
6 14
10 75
3
2 1
10 43
10 87
7
1 34
3 59
3 62
9 9
7 14
1 24
5 100
1
1 87
6
1 57
1 51
2 63
5 69
4 1
2 23
5
2 67
4 43
9 3
7 34
2 58
5
4 54
7 36
10 54
2 1
4 24
7
9 24
9 43
1 25
10 76
10 65
8 40
1 79
7
8 86
8 24
10 56
9 14
9 28
5 7
8 92
2
7 80
5 17
5
4 42
3 63
7 49
2 93
4 3
5
10 38
9 63
7 27
6 34
4 48
6
6 54
3 63
2 11
7 11
6 7
1 32
8
2 36
3 66
9 67
7 47
9 3
6 63
6 47
5 17
5
6 27
8 82
8 4
2 31
5 50
2
1 27
5 64
2
1 24
8 60
1
7 10
5
9 63
1 45
5 65
6 81
2 72
8
3 8
6 94
8 11
10 51
1 58
1 65
8 50
6 43
6
2 85
4 82
8 18
5 69
1 42
5 17
7
6 15
1 53
3 54
6 23
2 37
1 45
7 30
6
2 89
3 7
8 45
1 50
4 50
4 58
3
5 31
9 36
1 19
5
3 93
6 91
2 43
1 41
8 88
4
5 52
1 51
3 90
2 1
1
6 17
3
2 66
1 84
1 94
3
1 99
1 76
7 82
3
6 13
1 17
4 3
5
1 32
2 32
3 68
7 93
9 83
5
9 18
1 7
8 67
10 94
7 41
1
7 86
4
6 82
3 56
4 86
7 38
4
2 54
10 60
2 92
1 69
2
3 83
3 38
1
8 59
8
4 53
1 12
4 41
5 39
8 61
2 82
5 59
4 97
2
2 66
1 16
1
5 26
2
8 53
5 87
8
2 32
6 100
3 66
2 13
10 51
4 99
2 38
9 13
2
8 86
3 3
8
3 96
7 38
2 5
5 27
1 58
10 87
7 74
10 3
5
6 46
2 73
10 60
7 65
4 39
3
8 77
4 18
2 97
7
3 11
4 27
8 53
4 63
1 47
8 70
4 35
2
5 75
8 56
2
10 10
6 6
6
1 93
9 63
7 84
9 82
2 36
5 70
3
2 70
4 4
2 4
8
9 17
6 32
2 82
2 83
10 28
3 35
2 62
4 82
1
5 87
8
5 48
2 51
9 82
5 14
5 9
2 72
5 52
5 98
7
3 92
2 10
9 3
3 5
8 31
8 4
10 58
4
2 18
7 31
5 38
1 81
3
7 38
4 4
7 92
5
2 78
9 10
10 16
9 36
4 18
7
5 8
10 81
5 32
2 47
8 30
9 72
2 8
7
1 48
3 41
10 69
10 30
5 91
8 57
1 86
8
3 100
9 12
1 7
7 58
8 33
5 23
3 4
4 81
1
3 52
6
3 82
6 93
9 71
5 60
6 76
8 34
4
9 89
5 3
1 46
5 16
2
9 1
3 70
8
7 37
4 58
3 5
10 68
7 36
6 37
7 65
7 40
3
8 56
3 29
1 65
5
5 42
7 33
7 90
7 69
3 77
5
4 87
7 71
8 89
6 35
8 80
8
9 100
9 71
4 70
7 38
2 84
7 88
3 40
7 69
4
2 72
5 55
2 89
7 71
2
4 32
1 45
1
8 96
8
1 90
7 74
5 24
9 89
8 83
2 34
1 57
7 58
6
3 100
9 40
1 95
2 87
1 39
3 4
3
2 42
6 12
4 98
6
3 6
6 83
2 93
10 11
1 79
5 14
1
9 55
1
5 42
8
3 24
5 88
5 19
6 51
4 78
1 58
2 88
3 23
7
9 21
6 39
3 3
6 51
5 93
6 66
10 63
2
10 100
7 91
8
9 31
3 88
2 42
2 71
8 68
4 45
1 66
8 54
5
4 7
4 33
4 87
1 75
4 9
4
10 34
2 79
1 36
8 94
2
7 4
1 85
8
1 55
7 80
5 51
8 45
9 73
9 46
6 72
8 83
2
1 49
7 31
5
6 26
10 92
3 98
5 88
3 40
6
7 84
4 8
10 8
6 95
4 16
8 64
8
9 42
5 84
3 18
7 9
3 17
7 69
10 52
8 5
2
2 13
5 78
5
6 42
4 76
5 54
2 25
8 62
6
4 16
6 31
10 84
1 69
9 15
7 21
5
1 25
10 70
7 70
6 31
9 40
5
10 35
5 94
10 93
3 1
10 23
7
8 14
7 59
7 66
9 76
6 7
2 60
6 56
2
10 48
3 43
8
6 1
10 56
3 34
9 93
1 24
2 64
1 92
1 6
7
9 79
7 4
8 74
8 23
10 60
7 3
9 63
3
6 45
3 94
9 73
6
7 81
5 50
5 53
4 42
9 89
10 10
5
5 91
8 21
5 80
1 68
7 44
2
7 6
8 24
4
7 96
8 96
1 58
4 47
1
7 87
6
3 25
6 94
6 49
7 31
5 48
4 46
4
8 16
3 37
9 22
8 94
4
8 68
10 64
10 70
6 33
7
10 14
10 58
5 14
1 85
7 85
7 4
2 80
7
4 88
5 48
9 51
7 22
2 27
4 16
6 92
7
10 76
3 50
1 72
4 56
9 47
1 99
8 63
7
3 12
3 35
10 12
9 61
7 26
9 68
7 31
1
1 27
4
8 47
10 51
1 24
9 54
1
4 77
2
9 39
9 63
1
5 48
3
5 87
9 38
8 45
5
8 55
8 79
3 91
10 32
3 47
3
8 37
8 96
5 50
7
4 14
10 25
6 95
9 46
10 65
8 59
4 41
3
5 62
3 58
7 35
7
4 1
4 60
5 32
3 33
7 82
5 94
3 13
6
3 98
2 77
7 1
6 26
8 55
7 20
5
9 54
7 99
4 55
10 70
8 37
1
1 65
4
2 16
4 72
5 75
7 76
7
8 70
9 5
3 87
5 10
2 45
1 29
9 1
8
1 26
8 50
2 91
5 54
6 11
7 70
3 6
3 87
3
3 51
3 51
6 99
6
2 37
10 46
2 30
2 78
1 63
4 9
8
6 92
9 61
10 91
5 81
10 58
9 73
9 62
4 24
4
8 75
10 60
6 4
10 35
5
7 29
9 88
6 39
5 70
9 23
6
3 41
7 61
10 48
6 55
3 57
7 76
1
7 97
3
9 27
9 39
1 97
5
2 71
8 2
4 3
9 98
6 96
5
1 49
6 4
6 68
3 15
3 84
3
8 88
3 46
3 27
2
7 24
2 54
6
1 14
5 54
5 87
9 95
4 56
10 94
5
5 12
3 38
9 15
4 27
3 74
1
4 54
1
9 69
4
8 14
9 56
3 17
5 53
2
6 22
7 46
2
2 69
4 40
7
7 11
3 9
10 47
8 83
3 49
9 66
10 24
6
3 93
5 5
4 59
7 23
10 78
6 3
6
7 61
6 87
5 33
5 35
9 83
10 63
1
9 99
3
10 13
6 83
6 11
4
3 15
4 18
4 50
9 85
3
9 91
7 78
3 94
1
4 9
5
3 39
7 92
7 85
2 98
9 74
7
6 93
1 24
5 10
7 27
5 25
8 28
2 76
5
3 21
10 58
3 94
7 25
2 66
7
10 83
7 66
2 97
1 55
2 50
9 56
7 23
3
4 99
3 59
3 87
7
7 58
9 79
6 60
7 39
2 80
1 37
8 3
7
8 38
2 86
9 33
9 35
4 80
9 94
8 59
6
2 76
2 57
7 69
2 29
10 30
7 30
8
5 67
10 72
9 78
8 92
2 31
1 31
8 41
7 10
6
2 38
5 57
4 25
4 57
5 98
4 21
2
9 1
10 84
7
6 55
7 33
3 9
1 94
4 46
6 32
6 42
6
8 67
2 65
5 40
10 66
7 63
6 8
2
6 58
6 82
6
10 86
8 62
4 72
7 15
9 76
9 57
1
1 46
1
8 66
5
5 77
9 9
3 53
5 24
2 21
5
3 5
4 77
7 26
10 83
9 11
3
3 23
6 11
6 21
4
1 60
8 50
7 75
3 31
8
2 41
10 62
8 99
8 58
3 19
10 63
9 66
1 35
8
1 70
3 69
5 55
2 1
1 14
4 93
5 92
9 88
5
1 42
7 1
3 28
8 62
6 27
6
10 69
10 93
6 93
3 83
7 31
1 20
3
1 13
5 13
1 40
8
2 67
7 39
6 84
5 73
5 31
5 40
6 28
3 70
5
7 66
1 28
5 21
10 63
3 32
4
3 52
10 25
6 91
10 96
7
10 25
4 10
2 38
10 7
9 36
2 34
7 35
2
4 35
5 46
5
8 67
9 71
2 68
7 60
2 38
8
9 17
3 66
5 69
6 42
8 58
4 99
1 22
2 10
5
6 46
8 92
3 89
8 40
4 24
5
10 68
3 6
4 50
10 60
2 8
3
9 80
1 12
3 34
2
10 59
10 3
2
5 82
4 32
1
8 17
7
10 42
9 88
5 67
10 6
2 87
7 36
8 75
4
8 2
5 48
5 39
8 84
6
3 51
7 92
6 69
4 16
10 77
3 94
1
6 53
8
6 62
1 46
5 8
7 13
5 22
8 65
6 80
8 21
2
7 42
7 29
5
1 34
6 45
7 77
10 67
7 19
6
2 50
7 14
3 70
10 99
8 3
6 5
8
2 78
3 45
3 80
3 67
4 94
4 40
4 99
5 44
5
4 62
1 36
9 29
10 27
8 57
1
6 98
5
7 69
4 43
3 81
5 81
10 93
2
9 47
4 57
7
3 39
8 67
2 55
8 36
4 28
10 10
3 58
6
10 17
1 94
6 34
9 42
6 96
8 13
5
7 48
2 26
10 3
9 75
7 83
7
4 66
5 10
6 37
3 82
7 48
7 31
1 26
8
8 65
3 53
10 97
5 50
7 100
4 61
6 88
3 93
5
6 13
4 80
1 70
2 27
1 49
4
7 12
10 31
2 12
2 33
6
10 61
4 91
3 91
1 6
8 73
3 47
6
4 98
5 12
6 64
9 60
2 16
3 63
8
8 60
1 30
9 74
3 36
10 45
3 34
9 22
10 88
7
6 71
2 79
4 22
5 90
9 12
1 34
4 100
5
9 67
9 28
1 52
10 16
4 59
8
5 89
10 88
1 10
5 46
9 94
6 39
10 33
5 30
6
3 54
7 8
5 14
3 43
2 55
8 52
5
6 41
5 46
4 46
1 50
2 67
6
8 7
4 81
7 97
4 73
10 82
3 26
7
4 70
3 79
10 71
9 72
2 29
3 41
9 94
7
3 57
8 3
6 49
5 97
1 14
8 94
5 45
6
2 79
6 30
4 16
6 59
10 29
1 56
7
8 53
10 24
8 14
1 4
3 15
10 85
5 38
6
1 94
9 52
6 71
5 71
1 69
4 90
8
4 88
8 93
7 52
4 95
10 32
6 70
4 67
2 52
7
8 77
3 59
9 76
2 87
6 7
4 99
5 84
7
4 70
10 86
1 36
3 29
10 36
1 3
6 61
8
1 2
10 38
8 13
6 6
4 61
9 6
10 65
1 26
6
10 8
10 57
10 10
7 97
8 25
5 89
7
2 12
4 28
6 56
5 57
5 60
7 25
6 64
3
1 40
8 99
8 47
8
7 92
4 77
7 5
4 63
5 29
2 58
2 59
2 21
5
5 24
9 82
4 49
7 55
3 46
6
6 47
4 32
5 100
5 36
4 74
4 31
5
6 39
3 1
1 80
10 79
2 48
3
5 11
8 60
7 3
4
5 91
4 14
7 13
5 98
4
6 28
4 10
1 76
7 91
5
8 53
1 80
10 10
5 75
1 77
2
9 84
9 8
7
1 15
3 36
7 39
4 50
9 69
4 64
10 80
7
7 30
1 97
9 11
9 70
9 62
10 9
3 41
3
9 11
6 97
4 93
5
6 4
2 82
4 3
4 42
1 12
1
4 18
4
1 63
8 20
4 7
5 10
6
4 35
7 67
1 75
4 28
8 28
6 44
3
3 61
3 17
6 75
3
10 56
9 91
8 61
4
3 64
6 88
4 34
7 87
1
4 90
6
9 17
3 53
5 44
9 69
4 31
3 74
8
7 15
2 32
10 2
2 50
7 86
3 29
5 51
9 47
3
7 43
7 8
1 14
2
8 7
1 11
5
10 59
5 49
8 12
5 22
9 53
5
4 46
6 41
2 90
3 32
2 50
1
7 60
1
3 24
2
9 16
7 93
4
2 3
2 69
5 87
1 13
4
5 92
3 61
6 49
2 74
1
1 84
6
2 90
1 61
7 75
7 79
10 40
4 88
2
1 93
5 35
3
7 70
3 38
7 3
5
10 85
6 85
1 19
3 70
2 54
1
1 71
3
1 10
6 58
7 9
1
4 55
3
5 88
3 26
1 81
3
10 33
2 76
2 37
1
7 22
5
8 36
8 62
2 36
8 95
1 36
4
5 22
5 59
4 7
3 65
8
10 23
5 79
2 48
1 66
2 71
3 85
7 42
7 93
5
8 77
3 78
10 39
6 24
3 75
3
4 22
7 23
1 78
8
2 100
9 10
9 43
1 6
3 59
7 49
1 93
1 68
1
10 3
4
9 58
2 12
5 70
4 58
2
6 12
8 43
7
10 68
2 97
7 46
3 7
10 59
3 73
8 96
3
7 46
6 7
1 57
4
9 63
3 8
5 84
10 77
7
8 58
8 68
2 10
8 65
5 83
1 99
2 2
7
10 21
8 25
8 38
8 74
1 27
1 6
5 46
2
4 99
4 62
7
1 71
6 83
3 6
1 81
2 25
1 78
5 49
8
9 40
10 39
9 27
1 33
8 39
10 77
4 40
8 36
6
10 89
5 45
1 17
1 18
9 44
7 75
2
8 69
3 77
3
2 41
7 5
6 55
2
8 9
9 79
8
5 3
3 29
6 10
7 79
8 96
10 21
2 12
2 75
2
4 64
10 3
3
4 81
8 7
6 14
5
6 12
5 98
6 70
6 26
4 30
6
3 29
3 32
3 42
5 17
7 88
8 11
4
6 93
6 44
9 85
3 95
5
3 90
2 51
4 83
10 70
7 79
1
2 80
3
10 67
2 60
2 30
2
9 43
3 50
7
5 80
10 46
4 47
5 51
2 44
2 97
9 73
8
10 68
2 74
6 56
7 79
10 59
5 51
4 3
3 79
8
7 92
2 96
4 79
1 90
5 12
1 4
5 81
8 75
5
6 62
3 75
8 75
2 47
4 32
7
8 14
6 91
3 24
5 32
1 99
10 86
5 97
5
6 62
3 75
4 61
2 77
7 2
7
2 21
6 82
7 88
10 86
3 69
7 75
5 28
3
4 17
1 70
5 37
4
4 60
7 99
4 74
4 42
6
7 97
10 22
9 63
7 98
6 36
3 90
8
4 36
4 56
8 32
4 51
2 80
9 2
10 34
6 43
3
10 50
4 1
9 56
3
10 10
9 8
1 14
3
9 30
3 74
1 66
3
9 51
6 89
10 25
5
1 48
10 72
5 7
1 9
3 24
7
9 45
5 87
7 51
7 89
2 92
7 75
6 10
8
4 46
1 20
5 11
2 84
2 30
6 96
9 2
3 54
3
10 21
4 94
10 38
1
5 54
2
1 57
4 78
4
7 25
7 6
10 60
3 79
1
2 39
8
3 5
10 41
7 100
8 38
8 93
7 66
10 45
5 79
4
5 16
6 71
5 75
4 8
5
5 93
7 58
4 87
3 99
5 45
7
6 83
3 56
8 61
7 92
7 53
4 68
3 78
1
4 80
7
2 74
10 69
4 72
8 58
2 20
9 53
8 70
1
5 8
6
1 52
9 60
6 26
6 68
9 27
2 72
7
1 48
3 56
3 20
6 41
9 33
1 65
6 100
4
4 22
6 58
4 33
2 29
8
7 3
8 31
10 2
6 59
5 32
7 59
7 51
5 76
6
10 82
10 20
3 77
9 48
4 57
5 8
6
6 96
7 32
4 67
6 6
3 37
4 32
7
10 97
5 98
8 73
8 38
3 64
6 10
7 8
8
4 68
2 12
3 35
10 94
4 77
9 5
2 15
9 72
8
9 8
7 30
4 10
4 99
6 36
2 83
5 87
1 84
4
3 93
3 61
8 89
5 45
5
8 51
1 57
8 36
2 74
9 65
6
3 95
7 32
2 6
6 94
6 40
3 90
8
7 18
10 14
4 26
4 60
7 91
10 49
6 37
9 86
5
9 52
6 7
5 10
5 24
4 3
8
4 24
10 31
4 28
8 67
8 37
10 29
1 41
8 69
7
6 39
7 26
8 86
4 33
3 72
9 99
10 17
6
2 63
8 64
2 55
10 38
7 41
9 58
6
6 76
4 94
2 20
6 54
9 8
7 44
3
9 24
5 35
3 29
4
9 74
10 17
7 18
9 65
8
2 59
8 92
8 67
4 64
9 24
9 42
5 19
7 43
4
7 88
9 24
8 92
5 98
1
8 41
2
1 11
9 95
6
1 98
3 69
5 71
5 30
1 10
8 100
1
10 5
5
9 37
3 34
3 77
4 48
6 66
4
8 65
6 59
7 98
10 43
2
6 8
1 12
7
4 82
3 89
3 36
1 88
1 88
8 4
1 74
5
5 36
5 43
7 49
5 63
9 55
4
7 100
8 9
7 36
1 17
5
3 99
3 35
2 94
2 17
8 43
4
7 56
2 64
5 53
1 50
5
5 35
2 22
1 54
2 19
5 32
5
8 72
4 55
1 5
5 58
2 47
4
5 83
4 89
1 55
1 26
4
9 25
1 7
3 30
2 89
8
5 92
2 35
10 2
3 59
8 46
7 99
8 85
6 76
7
2 87
3 28
3 77
1 83
8 97
10 44
8 36
8
10 67
5 41
4 86
7 57
7 94
2 65
9 8
2 94
4
1 16
3 26
1 98
5 52
2
2 88
1 57
2
4 97
1 2
7
8 9
4 93
5 85
2 90
8 100
10 31
2 65
7
5 75
10 87
10 75
7 90
8 34
5 25
2 29
8
2 64
2 17
9 18
8 63
5 32
10 49
4 89
10 35
8
5 41
6 67
8 68
7 56
2 16
9 26
2 82
2 10
2
4 13
7 76
2
2 86
4 70
5
10 38
4 14
2 31
6 35
7 94
3
5 100
4 43
4 56
6
2 49
10 10
1 89
6 17
7 11
7 53
6
7 79
2 12
4 64
3 22
3 29
9 55
6
7 43
5 34
2 31
1 66
2 14
10 64
1
6 100
7
2 75
5 74
3 14
5 17
3 53
2 24
5 80
1
4 100
3
9 44
5 8
7 81
7
9 88
9 45
10 32
4 20
1 42
8 20
10 87
4
10 21
9 80
10 90
2 85
2
5 41
4 62
7
2 98
10 90
8 64
10 65
9 27
7 44
4 17
1
6 2
7
5 27
2 46
1 34
2 3
5 39
6 57
7 10
1
2 23
6
1 73
8 75
9 98
1 16
9 58
7 84
1
1 7
7
3 68
2 18
6 98
10 91
4 48
4 58
3 7
4
6 69
10 14
8 87
9 77
6
5 71
10 23
1 61
5 71
6 55
5 32
2
9 54
2 10
2
10 33
1 77
2
1 46
10 77
2
2 63
1 3
6
2 53
9 81
3 37
2 63
10 61
5 16
4
7 48
6 73
1 28
9 4
3
3 74
1 71
7 9
8
6 3
6 60
8 90
10 68
7 1
6 31
1 12
4 74
1
5 15
1
1 5
2
10 85
4 19
2
10 55
7 47
5
2 43
9 29
8 39
6 33
10 95
6
9 87
9 27
8 59
3 92
7 79
6 68
5
8 32
4 68
10 59
9 26
5 85
2
5 67
4 44
7
7 35
1 5
4 51
10 4
7 53
4 27
8 100
5
5 39
9 64
1 78
1 31
10 68
8
3 77
5 13
9 93
4 73
7 41
6 64
8 96
10 46
2
6 29
9 1
8
10 54
2 22
6 68
4 43
3 19
4 65
10 90
4 40
8
1 42
7 37
5 40
5 92
9 90
1 77
9 2
4 22
1
7 87
1
9 99
6
2 28
7 47
10 86
3 75
10 42
4 41
8
10 83
5 1
3 18
9 38
2 96
4 61
5 5
4 18
1
4 40
7
6 56
4 72
7 10
3 62
5 72
6 65
1 97
2
6 61
9 100
6
7 68
7 15
5 41
10 35
7 68
10 82
8
9 59
8 75
10 82
5 27
6 36
8 79
5 88
3 31
6
4 34
7 79
4 77
9 50
7 49
7 59
1
3 52
7
1 12
6 20
1 58
5 29
5 77
5 18
3 69
6
3 30
3 69
2 97
4 53
8 23
7 31
5
5 96
5 47
5 74
2 49
3 100
2
8 4
10 92
4
2 45
3 10
1 37
8 88
7
6 42
9 65
3 17
4 43
9 88
1 60
4 67
8
1 61
6 5
10 95
5 61
7 26
9 30
10 85
5 4
8
6 34
7 93
5 47
10 83
5 98
3 94
4 87
10 81
2
9 66
9 21
8
2 97
10 3
1 66
3 70
10 57
3 16
9 31
7 50
1
5 48
4
5 44
5 4
2 59
8 89
2
7 15
2 34
6
1 13
10 32
5 98
2 79
1 54
2 26
6
4 99
4 66
8 27
9 35
6 3
4 41
5
5 95
10 38
10 23
1 1
1 10
6
5 54
5 17
5 21
4 83
9 53
4 89
2
6 34
3 67
8
8 28
8 55
2 20
5 6
6 46
7 44
1 75
3 10
1
8 88
1
4 57
7
8 56
1 85
1 99
8 57
9 12
8 46
6 57
8
9 20
5 19
1 91
6 82
3 11
9 39
6 11
7 1
3
5 96
7 44
8 97
1
4 89
2
5 33
9 44
5
9 6
8 99
7 35
1 39
8 86
2
2 73
2 61
1
3 27
6
7 57
6 30
4 74
5 49
10 9
1 70
2
2 63
6 34
5
3 44
2 74
2 38
7 39
10 64
4
2 2
6 48
2 65
4 56
8
5 66
8 42
10 31
8 10
9 97
1 100
3 82
9 9
7
7 51
5 49
2 82
8 64
7 65
4 5
4 40
2
6 17
4 29
8
6 82
9 68
2 36
4 59
3 35
3 65
1 99
8 40
4
8 27
2 10
9 37
7 80
3
7 62
3 64
5 71
2
10 81
6 24
8
7 77
8 18
9 7
4 69
2 59
4 44
3 21
6 34
6
7 55
6 80
2 60
1 19
5 86
2 38
2
10 96
4 97
2
3 96
7 2
2
3 53
10 17
3
3 64
10 21
10 60
5
5 28
10 17
10 47
2 69
5 4
4
8 53
7 94
8 93
10 48
8
9 26
6 1
6 63
4 48
3 48
6 79
1 82
10 57
4
9 53
4 30
8 38
4 11
8
7 30
1 97
2 65
9 32
8 44
8 8
5 69
8 21
2
4 44
10 100
3
9 71
8 36
1 98
3
3 42
8 79
7 70
2
3 45
10 24
6
5 65
4 57
6 100
8 13
1 75
4 66
5
10 69
2 86
3 13
1 63
4 76
2
8 58
7 26
4
7 31
2 46
1 60
7 11
4
4 33
2 33
8 22
2 19
1
1 19
1
1 25
1
6 92
4
10 71
8 61
2 78
7 74
1
6 58
5
7 58
8 27
9 66
6 35
5 86
3
10 84
3 94
9 88
8
7 16
3 10
10 82
6 75
7 63
8 87
5 97
9 95
3
2 25
7 74
4 21
1
1 98
5
10 89
5 87
4 10
6 43
1 17
2
5 32
5 29
4
1 81
10 67
8 89
7 59
3
1 29
9 81
8 41
8
4 91
7 12
2 99
7 71
2 51
6 94
2 7
1 88
3
10 61
10 3
9 8
6
7 7
10 91
9 29
3 81
4 43
6 85
8
8 33
1 65
8 8
10 15
7 75
6 88
8 93
5 20
4
6 23
5 23
1 93
7 43
1
5 90
3
4 70
4 44
7 30
3
7 80
2 1
10 65
1
8 18
7
2 26
3 95
8 53
1 68
9 77
8 15
10 51
3
4 25
7 58
5 36
5
8 87
9 52
3 6
4 58
2 18
8
4 10
1 91
6 1
1 56
7 15
5 79
5 36
6 90
2
1 83
5 77
1
6 53
2
1 82
10 29
1
9 80
2
9 67
8 54
6
3 63
9 7
10 17
2 39
3 9
4 80
4
9 30
6 91
10 81
2 60
5
2 94
7 11
3 26
3 96
3 19
1
4 74
5
9 85
2 52
4 59
1 41
8 41
7
7 89
1 90
9 73
3 23
9 94
2 99
4 46
5
9 20
8 82
5 76
8 36
3 3
3
1 54
2 71
10 48
1
3 4
6
2 88
2 36
3 36
8 96
10 92
9 99
7
2 83
6 100
1 28
4 37
6 44
10 18
9 11
2
3 48
6 23
3
9 70
9 63
8 82
8
2 54
5 39
7 20
7 20
8 88
6 9
1 47
1 90
5
8 57
2 89
2 65
5 64
9 27
7
10 80
2 67
1 63
4 22
4 62
3 28
7 100
7
2 69
3 93
10 69
4 71
4 53
5 99
2 47
7
1 94
3 55
6 83
6 25
7 100
5 47
10 83
3
4 55
6 39
9 19
8
1 81
7 97
6 80
7 13
7 46
5 9
5 83
10 84
1
2 28
2
10 25
8 84
4
2 44
4 57
9 23
4 35
2
5 51
6 15
1
8 55
3
3 62
1 88
1 75
3
10 19
2 80
7 5
5
7 46
6 22
6 91
3 48
6 6
8
2 47
3 91
9 63
2 33
7 14
2 32
6 78
7 35
4
7 69
6 87
2 38
3 46
2
8 7
5 56
1
4 36
5
1 73
8 48
6 43
2 4
1 20
6
4 91
10 69
2 51
8 59
1 22
4 3
8
2 60
8 65
8 20
10 53
7 33
1 3
4 71
8 32
2
10 46
8 46
8
4 64
10 85
7 79
2 71
7 30
1 70
1 85
8 64
1
7 45
4
10 14
5 85
5 44
7 58
7
1 48
10 16
8 30
4 1
4 65
3 62
7 50
8
10 40
10 52
7 23
3 16
4 95
3 93
2 43
9 14
3
6 27
1 77
1 35
4
6 81
2 57
1 33
1 77
6
10 37
2 79
7 48
9 48
3 33
10 54
6
4 86
9 99
3 19
4 65
7 41
9 83
6
10 79
5 20
2 5
8 83
10 27
5 24
2
6 37
4 82
8
10 87
3 33
6 16
2 67
6 52
4 50
10 54
6 15
4
5 57
8 66
8 74
10 3
1
10 85
3
3 73
8 20
1 55
4
3 81
8 21
7 84
3 72
3
3 20
2 33
10 51
2
10 87
3 65
8
1 27
3 9
9 99
3 42
6 46
2 27
4 57
7 79
