5
5
289116 582212 710779 968290 410234 590551 172709 784389 688336 87971 20467 231642 371618 91611 974317
431892 81711 33143 84779 238948 927845 671784 466836 134974 975288 601529 292532 730694 552590 51623
5
456588 767920 773729 75523 690462 294757 924618 881511 713226 434594 511439 935335 693705 360942 982150
197203 222740 200530 634352 25733 226369 320776 572195 754925 637692 706700 113112 956303 982978 653912
5
738032 762343 826715 748021 612248 770044 853637 98355 21076 275078 352099 334946 504428 681359 845049
546641 270009 102342 639905 184672 938247 138588 96035 996034 678079 976487 900254 651272 345183 603373
5
360928 657179 762776 59350 498383 442375 810471 326403 345918 685407 657169 359274 580129 760004 860591
32260 436476 128525 467143 690768 149312 111565 994015 779105 493445 580418 720730 657842 263040 619550
5
259696 547415 780520 46167 981998 575156 702206 584449 920481 382998 274576 126675 244136 945768 453697
548308 677810 85519 246351 675941 283652 862668 684587 822509 852771 710414 630125 661485 341157 788940
