500
3 9 1
3 9 2
3 9 3
3 9 4
3 9 5
3 9 6
3 9 7
3 9 8
3 9 9
3 9 10
3 9 11
3 9 12
3 9 13
3 9 14
3 9 15
3 9 16
3 9 17
3 9 18
3 9 19
3 9 20
3 9 21
3 9 22
3 9 23
3 9 24
3 9 25
3 9 26
3 9 27
3 9 28
3 9 29
3 9 30
3 9 31
3 9 32
3 9 33
3 9 34
3 9 35
3 9 36
3 9 37
3 9 38
3 9 39
3 9 40
3 9 41
3 9 42
3 9 43
3 9 44
3 9 45
3 9 46
3 9 47
3 9 48
3 9 49
3 9 50
3 9 51
3 9 52
3 9 53
3 9 54
3 9 55
3 9 56
3 9 57
3 9 58
3 9 59
3 9 60
3 9 61
3 9 62
3 9 63
3 9 64
3 9 65
3 9 66
3 9 67
3 9 68
3 9 69
3 9 70
3 9 71
3 9 72
3 9 73
3 9 74
3 9 75
3 9 76
3 9 77
3 9 78
3 9 79
3 9 80
3 9 81
3 9 82
3 9 83
3 9 84
3 9 85
3 9 86
3 9 87
3 9 88
3 9 89
3 9 90
3 9 91
3 9 92
3 9 93
3 9 94
3 9 95
3 9 96
3 9 97
3 9 98
3 9 99
3 9 100
3 9 101
3 9 102
3 9 103
3 9 104
3 9 105
3 9 106
3 9 107
3 9 108
3 9 109
3 9 110
3 9 111
3 9 112
3 9 113
3 9 114
3 9 115
3 9 116
3 9 117
3 9 118
3 9 119
3 9 120
3 9 121
3 9 122
3 9 123
3 9 124
3 9 125
3 9 126
3 9 127
3 9 128
3 9 129
3 9 130
3 9 131
3 9 132
3 9 133
3 9 134
3 9 135
3 9 136
3 9 137
3 9 138
3 9 139
3 9 140
3 9 141
3 9 142
3 9 143
3 9 144
3 9 145
3 9 146
3 9 147
3 9 148
3 9 149
3 9 150
3 9 151
3 9 152
3 9 153
3 9 154
3 9 155
3 9 156
3 9 157
3 9 158
3 9 159
3 9 160
3 9 161
3 9 162
3 9 163
3 9 164
3 9 165
3 9 166
3 9 167
3 9 168
3 9 169
3 9 170
3 9 171
3 9 172
3 9 173
3 9 174
3 9 175
3 9 176
3 9 177
3 9 178
3 9 179
3 9 180
3 9 181
3 9 182
3 9 183
3 9 184
3 9 185
3 9 186
3 9 187
3 9 188
3 9 189
3 9 190
3 9 191
3 9 192
3 9 193
3 9 194
3 9 195
3 9 196
3 9 197
3 9 198
3 9 199
3 9 200
3 9 201
3 9 202
3 9 203
3 9 204
3 9 205
3 9 206
3 9 207
3 9 208
3 9 209
3 9 210
3 9 211
3 9 212
3 9 213
3 9 214
3 9 215
3 9 216
3 9 217
3 9 218
3 9 219
3 9 220
3 9 221
3 9 222
3 9 223
3 9 224
3 9 225
3 9 226
3 9 227
3 9 228
3 9 229
3 9 230
3 9 231
3 9 232
3 9 233
3 9 234
3 9 235
3 9 236
3 9 237
3 9 238
3 9 239
3 9 240
3 9 241
3 9 242
3 9 243
3 9 244
3 9 245
3 9 246
3 9 247
3 9 248
3 9 249
3 9 250
3 9 251
3 9 252
3 9 253
3 9 254
3 9 255
3 9 256
3 9 257
3 9 258
3 9 259
3 9 260
3 9 261
3 9 262
3 9 263
3 9 264
3 9 265
3 9 266
3 9 267
3 9 268
3 9 269
3 9 270
3 9 271
3 9 272
3 9 273
3 9 274
3 9 275
3 9 276
3 9 277
3 9 278
3 9 279
3 9 280
3 9 281
3 9 282
3 9 283
3 9 284
3 9 285
3 9 286
3 9 287
3 9 288
3 9 289
3 9 290
3 9 291
3 9 292
3 9 293
3 9 294
3 9 295
3 9 296
3 9 297
3 9 298
3 9 299
3 9 300
3 9 301
3 9 302
3 9 303
3 9 304
3 9 305
3 9 306
3 9 307
3 9 308
3 9 309
3 9 310
3 9 311
3 9 312
3 9 313
3 9 314
3 9 315
3 9 316
3 9 317
3 9 318
3 9 319
3 9 320
3 9 321
3 9 322
3 9 323
3 9 324
3 9 325
3 9 326
3 9 327
3 9 328
3 9 329
3 9 330
3 9 331
3 9 332
3 9 333
3 9 334
3 9 335
3 9 336
3 9 337
3 9 338
3 9 339
3 9 340
3 9 341
3 9 342
3 9 343
3 9 344
3 9 345
3 9 346
3 9 347
3 9 348
3 9 349
3 9 350
3 9 351
3 9 352
3 9 353
3 9 354
3 9 355
3 9 356
3 9 357
3 9 358
3 9 359
3 9 360
3 9 361
3 9 362
3 9 363
3 9 364
3 9 365
3 9 366
3 9 367
3 9 368
3 9 369
3 9 370
3 9 371
3 9 372
3 9 373
3 9 374
3 9 375
3 9 376
3 9 377
3 9 378
3 9 379
3 9 380
3 9 381
3 9 382
3 9 383
3 9 384
3 9 385
3 9 386
3 9 387
3 9 388
3 9 389
3 9 390
3 9 391
3 9 392
3 9 393
3 9 394
3 9 395
3 9 396
3 9 397
3 9 398
3 9 399
3 9 400
3 9 401
3 9 402
3 9 403
3 9 404
3 9 405
3 9 406
3 9 407
3 9 408
3 9 409
3 9 410
3 9 411
3 9 412
3 9 413
3 9 414
3 9 415
3 9 416
3 9 417
3 9 418
3 9 419
3 9 420
3 9 421
3 9 422
3 9 423
3 9 424
3 9 425
3 9 426
3 9 427
3 9 428
3 9 429
3 9 430
3 9 431
3 9 432
3 9 433
3 9 434
3 9 435
3 9 436
3 9 437
3 9 438
3 9 439
3 9 440
3 9 441
3 9 442
3 9 443
3 9 444
3 9 445
3 9 446
3 9 447
3 9 448
3 9 449
3 9 450
3 9 451
3 9 452
3 9 453
3 9 454
3 9 455
3 9 456
3 9 457
3 9 458
3 9 459
3 9 460
3 9 461
3 9 462
3 9 463
3 9 464
3 9 465
3 9 466
3 9 467
3 9 468
3 9 469
3 9 470
3 9 471
3 9 472
3 9 473
3 9 474
3 9 475
3 9 476
3 9 477
3 9 478
3 9 479
3 9 480
3 9 481
3 9 482
3 9 483
3 9 484
3 9 485
3 9 486
3 9 487
3 9 488
3 9 489
3 9 490
3 9 491
3 9 492
3 9 493
3 9 494
3 9 495
3 9 496
3 9 497
3 9 498
3 9 499
3 9 500
