100
5
289116 582212 710779 968290 410234 590551 172709 784389 688336 87971 20467 231642 371618 91611 974317
431892 81711 33143 84779 238948 927845 671784 466836 134974 975288 601529 292532 730694 552590 51623
5
456588 767920 773729 75523 690462 294757 924618 881511 713226 434594 511439 935335 693705 360942 982150
197203 222740 200530 634352 25733 226369 320776 572195 754925 637692 706700 113112 956303 982978 653912
5
738032 762343 826715 748021 612248 770044 853637 98355 21076 275078 352099 334946 504428 681359 845049
546641 270009 102342 639905 184672 938247 138588 96035 996034 678079 976487 900254 651272 345183 603373
5
360928 657179 762776 59350 498383 442375 810471 326403 345918 685407 657169 359274 580129 760004 860591
32260 436476 128525 467143 690768 149312 111565 994015 779105 493445 580418 720730 657842 263040 619550
5
259696 547415 780520 46167 981998 575156 702206 584449 920481 382998 274576 126675 244136 945768 453697
548308 677810 85519 246351 675941 283652 862668 684587 822509 852771 710414 630125 661485 341157 788940
5
819199 443195 751628 554019 724194 96029 944655 813894 720739 630215 32516 249861 298846 674805 719063
737973 425609 979520 782445 412280 525361 178623 555926 360687 518522 85334 716371 112639 539900 609141
5
452791 431521 345340 244753 932517 528989 409723 740579 267015 695038 522196 586453 265317 631254 326442
192860 301007 958363 344368 788579 195621 13930 295203 849028 412653 684564 416250 601823 209777 215112
5
121400 958396 609157 468627 422605 565607 759450 950397 778817 882166 658747 900891 133462 220574 853335
973706 688143 995222 568724 915630 265146 312079 94806 540764 684199 108827 724977 670023 854575 459240
5
158714 60329 37283 671873 485313 789772 796229 968548 939224 546264 277663 649238 957236 846002 557401
861011 81025 395792 639767 909965 205380 232199 134682 157538 342436 694182 155151 976991 148969 435526
5
288697 145768 155127 641772 424393 377940 512166 84807 408728 471647 977234 395841 64731 952896 244761
69476 754806 831249 883619 82435 11610 868207 290342 932680 116648 3321 75216 715712 158088 165888
5
683565 914152 675872 205971 62688 999545 980968 663361 514578 802512 882873 216386 128044 198848 759039
559485 997163 544972 127840 714665 734841 836460 45015 483621 993935 174276 875973 766089 804128 602026
5
797561 668681 51666 427421 429134 651590 72400 337433 194845 35472 587836 692148 800433 701442 681825
313330 699965 789600 45216 18021 252755 58556 740899 57069 441661 527782 783806 531499 156011 968193
5
211935 9003 501207 194930 146510 490790 271305 916553 58744 351200 847050 572954 546397 677569 906170
282307 480484 807633 386472 312671 530274 402600 251628 546709 205423 339856 558510 66388 25626 931909
5
4544 604962 163562 727249 731385 313365 907546 300690 60173 627029 516472 72813 479458 353332 82974
646660 729059 295612 674669 760229 631546 468107 543984 749456 399430 532682 993501 678602 184757 655995
5
705067 188999 74125 571140 49619 390868 862467 659566 804320 776206 179527 467236 691200 363597 952115
395956 987269 508614 239722 562239 624306 431233 912002 44483 559041 39051 563500 566716 327922 65530
5
742357 911602 333730 425158 331746 655262 103685 403813 373558 533551 943754 775034 196734 201681 698948
212977 306930 487105 843940 490566 894654 324562 575641 323922 132745 246756 769438 301245 735115 812492
5
957179 379076 695247 460438 667024 531737 196419 553445 988771 907906 158371 116664 825647 886378 682704
609827 673323 193063 865929 493040 50915 638196 537081 553732 782649 163248 841972 665377 513667 612578
5
707083 654962 822893 59898 914870 358744 685458 642653 409056 196130 12395 296353 567088 711465 827768
262069 737923 391729 975743 817590 462353 362759 127559 521569 39296 348508 490464 22076 307762 498977
5
64641 67164 927313 794689 781893 116334 676657 217167 868229 800209 714380 498762 216837 741553 194038
762457 200297 576657 735618 31720 398471 674389 64540 979023 29806 934257 970330 212192 117875 990075
5
39256 787101 933912 388492 891881 61009 322205 229955 358389 765322 166878 16788 203525 532549 373699
909586 319203 866831 853623 817465 526998 762506 269660 63894 793861 458455 371445 946799 867387 981895
5
814428 37819 615601 135673 670618 50487 855853 716256 367795 442585 480512 198193 127658 597137 978963
21212 444065 179341 719721 593348 619277 136688 770909 281513 348647 357804 450346 641717 578409 45785
5
909531 45822 35025 174298 45251 856081 583713 836661 227219 589215 622164 676900 718235 748068 115324
91852 10222 267889 856590 669327 577840 264987 639849 376264 626352 866011 259183 357402 396282 117235
5
93220 241505 806499 905321 999842 875372 89580 79858 855921 193073 575154 331078 691620 678926 158875
141050 164631 9500 331556 997296 374829 146628 149480 629249 894503 220049 695984 886122 644755 242073
5
983969 801236 326018 854471 323996 797287 302837 492655 258640 774731 640680 207882 705938 653664 298780
903044 978576 439460 840240 787259 196608 321162 100355 436215 874396 898318 557301 570288 231082 313617
5
693139 354615 495527 742652 80746 452528 102998 153968 124744 196365 55223 958619 625021 229831 914415
364125 599376 12550 834819 104833 786012 498556 892497 658291 115003 36182 776032 870461 929516 497354
5
928538 504938 236969 466791 129332 916936 621500 224559 869696 298872 42932 257583 565247 705666 355109
495564 778563 555230 381052 348355 119218 509543 760512 627457 230020 364286 788512 666610 745681 839052
5
352542 115217 54786 871313 432849 576736 3440 928074 115594 659558 313554 875314 937687 481762 646599
952559 627313 316793 711163 650593 184387 657098 817509 255168 346714 898712 999367 239366 82662 343574
5
401276 893651 436773 298809 589463 653478 691590 364488 614122 569398 241982 514921 935319 583487 945689
863583 545324 930388 160851 882087 46661 19326 640442 625583 725727 459248 788510 135103 173354 959400
5
529346 203615 919507 406401 401565 460230 145040 265642 986788 371858 669753 142480 158217 356538 432901
271576 942372 244208 580840 821816 145943 753554 2014 295693 509512 469830 193817 121293 826094 552711
5
358271 614900 780372 436309 284376 727594 56398 349612 355364 678037 417964 987787 968326 82716 978605
767690 626797 222417 128805 540369 994428 525919 79974 482473 708189 566153 678821 159700 900581 291225
5
738727 418176 938588 601702 350777 334525 901289 3480 666772 137814 855351 684792 406493 94132 891574
559795 235385 250171 513315 867424 227808 859961 609241 844883 933533 811123 839789 264637 260338 833857
5
859046 233260 678270 857006 993933 435283 720653 612426 477277 639243 898517 60252 994085 675083 657019
131851 679071 767220 412805 515565 491606 910287 522655 862070 702086 895887 972798 761431 983835 654166
5
178370 41595 767315 933581 884844 196857 239016 121940 943900 791466 705813 594149 412527 153179 467720
685406 692327 945078 961730 750239 261249 572918 246793 356828 997275 180083 537045 333722 558437 849538
5
860275 923125 184912 24778 522758 591028 281940 585079 813691 242317 104369 603830 749544 285425 557717
284385 27207 951959 593863 998262 173964 477228 293232 311244 445372 266353 152808 998877 250387 473187
5
657697 640841 306642 372732 852645 132418 492254 722549 792267 106615 615906 259033 680555 511937 919511
810770 386779 736308 374238 495376 465764 84740 828269 44306 970919 929141 712223 732379 789958 191130
5
550543 580478 885262 418259 978188 121311 177135 600837 616668 51877 580382 59952 807027 317632 593640
569652 67500 368756 95421 903581 910204 188250 830975 399093 375075 700620 584928 467146 315972 732119
5
56749 165063 578814 30315 579064 139111 464792 922560 9013 449654 984328 898148 940110 847221 694063
757813 668672 163997 125431 78993 196409 381068 69199 86859 821711 869068 919222 91096 342892 957866
5
96366 835911 577083 419937 734991 306100 100994 171399 790495 431586 939030 379675 35765 181170 321499
670495 659241 222937 873148 632714 21370 100425 405234 626794 908910 104973 744458 491364 252926 1240
5
406629 591551 257020 879688 652696 895417 539035 851918 303168 991337 316288 803141 52897 71046 828686
386152 32098 447299 603523 158890 491581 669442 950152 340431 868462 572585 401998 23684 531779 788138
5
955981 51367 330334 282265 369560 64104 393211 260034 876173 960764 533108 727462 781570 898924 848667
378432 764178 94807 567783 638202 526975 866314 305506 73721 347212 604629 882492 512105 750724 326555
5
310477 936046 614267 72251 383972 584564 745741 811496 315559 28942 441903 780124 392002 673085 433673
186123 732903 972457 777937 685137 686754 857576 864205 536894 522386 813133 528427 158168 532000 532568
5
344409 906285 517756 196737 119470 540667 64004 593917 424325 253520 499170 960633 15216 964097 633571
724360 940363 69237 371145 760719 773489 517542 812434 286952 686405 673042 269516 287743 404002 485912
5
283669 332328 352401 551763 214389 499445 137773 758925 17290 308387 271434 515142 437154 162601 788947
534565 724170 396467 535756 212427 364963 377467 565564 764654 443318 436946 849162 872739 682002 339156
5
141998 227464 274946 399933 227012 868527 372772 106145 21075 988303 533290 444591 107958 710177 134411
851179 58221 47111 986784 394943 430318 218221 258431 232605 391616 615973 938726 172021 6434 909055
5
593709 172625 665967 252725 713886 867838 801366 400987 473301 520497 70428 142951 308742 9467 200794
125622 964822 995520 429579 744390 521022 550727 404384 403815 591918 233220 74964 522814 155921 476180
5
357453 18580 844382 860794 449734 399084 220696 671070 701493 418094 740491 634980 922471 790385 724814
812394 472908 11937 942017 601806 746959 411200 210309 776971 377708 444790 418287 905761 225532 62888
5
98777 356643 799218 831910 138503 182220 650219 274224 981913 381836 508986 456560 427222 272249 273268
355286 317367 975700 279336 433271 354000 333532 968189 742595 649948 473423 396231 939682 942512 668770
5
886348 914906 20051 421647 433280 469128 673887 514527 66908 52253 978931 436132 869141 769286 911310
830268 848451 312044 86371 199824 516919 3056 998818 789873 995933 451108 151650 8498 919986 995428
5
284146 185253 811791 174203 662772 890160 977448 152201 927257 20099 289040 93466 117332 662762 364014
846698 955795 773846 990339 773709 989363 816169 146787 717811 818975 36454 410601 338086 866354 71732
5
654929 479995 436482 219465 320995 728267 397669 670223 891859 441148 903987 825678 636979 168268 167700
110111 843576 460240 479574 180605 49300 524062 288265 47634 159196 699149 756917 294021 515708 575665
5
700511 13874 492433 37293 737829 165428 784209 348982 360079 494251 701831 953443 888360 781858 234938
455453 391171 976360 521903 61175 467831 584845 571327 700080 87732 88775 722870 829077 282147 563776
5
569017 144231 784586 528762 37478 720260 719653 383064 171153 640939 603181 543416 143779 838678 500832
692058 441185 413210 529355 451013 306245 812308 411582 397196 511482 547476 80339 577326 194144 921936
5
969541 991997 598407 956329 623542 102376 541116 543374 437615 581523 220471 845974 685782 428754 571732
39989 177490 761345 435962 446696 60734 216487 257939 299933 715697 200858 553458 404735 10553 565395
5
726001 610720 476026 218931 412064 846634 30891 64962 644509 843693 246360 496830 219220 91042 603438
918040 214947 938790 635389 320055 425878 875203 722149 625855 994325 172874 589003 185930 472919 135533
5
387209 159482 755391 378540 298915 554559 473550 493004 735011 429711 157442 949063 639601 128985 92998
113359 398398 263167 671158 41354 213114 182897 430141 830161 458826 718673 681746 531142 792295 221007
5
854868 979490 339251 184773 467828 374070 722923 965626 644919 532146 810968 945131 809767 792878 275198
629518 969875 56001 911252 516507 191562 98033 20339 608602 794680 548766 404130 449438 499963 975034
5
67581 815612 210535 440391 872645 991991 658596 930351 945400 706548 623637 676038 578834 890943 750948
620921 19302 580485 538629 823161 725729 166535 190159 476004 686904 484728 25037 472254 34519 270773
5
832940 907869 120406 993428 665668 702578 28581 210020 838541 466079 478250 452925 959773 109130 720685
53762 222065 775820 673917 676946 711441 79481 105223 935499 857893 701463 214701 327987 959599 655755
5
661301 71335 584639 504760 587292 896075 609113 90857 905633 611111 867395 325947 927775 122780 86475
723140 700524 417681 685156 123499 713217 357620 685501 706234 648201 141718 327920 79366 879540 415105
5
649293 481798 292221 969339 180638 720528 327222 697026 82068 60317 559488 498058 945662 433404 806332
438284 503903 829020 705059 776599 591923 874921 905457 758110 522495 794528 619629 65972 720754 430011
5
840356 602149 944468 6049 571185 22971 180897 851349 105201 127265 925850 424269 653432 528511 559778
770164 100515 453646 292955 178583 512484 54957 663893 498637 530339 646701 33520 413769 53435 297052
5
770641 680750 475979 713471 327610 462503 383756 628636 726355 170129 262275 766576 165362 858942 597629
69877 255622 690976 761917 570452 231396 447353 372401 600131 746055 567790 610 690189 400782 663405
5
625059 407572 415065 261331 4354 398717 324806 665721 883042 97087 655343 802243 280821 669237 449936
27194 691605 557616 66247 226748 213451 35737 467401 533324 258438 673129 381054 336169 580908 316879
5
220025 628726 392024 534168 676382 737175 107258 42858 31734 989254 977418 721318 592989 740562 130137
96448 529649 904477 935789 611996 355162 412009 40028 60494 200142 859126 5149 283240 370258 919668
5
429959 187834 554481 993413 552900 121096 491281 682417 150075 157402 739260 195673 203098 553299 68616
78397 460091 495941 817878 613247 607381 745094 272522 560591 490704 572400 539701 598928 497954 847078
5
323914 882554 676217 23140 416921 664691 766114 399033 459871 844678 841937 611534 862872 615391 814757
171206 478465 629588 27431 487569 447954 331125 421406 397511 587458 324581 189425 140533 37469 722673
5
394985 693529 938830 300709 38954 632347 287981 601782 148307 62470 145239 226757 79811 560648 845948
582560 178169 897474 56741 560311 241100 344844 526731 549129 943419 67935 229055 141809 597441 380195
5
429354 334385 34538 224154 303357 192887 164948 916972 781375 861218 623967 215584 456347 463601 334347
254908 972667 534834 71006 153592 496706 890445 41359 138691 454531 108683 380482 749301 405317 419306
5
544553 969314 66420 253903 401640 94963 423400 777741 738742 439710 484119 591636 283504 167603 532867
455946 9188 483117 175755 672373 579139 672973 547425 449308 923050 853372 955447 790281 108200 898436
5
936693 178507 489838 48786 188388 478289 413170 8396 54056 41131 966761 925267 874360 975234 408925
368882 977414 979293 199003 873540 857395 363148 961761 900447 563460 556475 627331 916307 494750 928944
5
512604 773286 9179 639604 286671 316121 546118 647018 394787 7128 250370 832100 200327 371350 745545
887876 483590 827398 393365 997254 33441 33985 799159 624024 43644 150117 863925 321102 985374 678562
5
78716 490560 452889 786376 981775 705234 911903 937628 502603 74975 19618 743259 905588 74023 571229
675078 694744 995231 354103 288390 320201 945449 823598 870033 569371 911768 424922 576500 13445 473894
5
854164 817448 512432 652120 355903 534034 893572 860910 917227 916153 595310 819503 945231 735097 738736
751701 952480 949768 119795 930067 685644 220928 379477 375107 649129 186894 768507 828194 358487 629566
5
372525 68930 924105 319112 265237 703708 720194 56762 277311 676817 324120 886756 353793 787731 793735
599265 939556 145121 702770 596459 559123 604293 407565 472934 691856 204130 821484 131676 112517 359011
5
759186 50566 437920 976421 423441 576616 792466 146333 42138 913092 818365 875819 794549 295874 679229
499970 67940 446384 997258 821802 163919 943535 725551 233017 704823 28309 606506 159014 786641 426277
5
35967 578371 154038 3773 221886 711185 111502 395360 923419 882057 925656 764566 194132 144095 651869
897391 411752 88715 196210 208728 576429 707095 453657 433570 886450 271486 485909 721696 421240 266456
5
989585 347192 828990 21483 208792 481203 208007 899568 410345 118104 104108 830296 843204 277503 123492
441630 204833 680526 525401 520522 597143 12309 897363 120071 162059 828197 206225 125589 898778 305811
5
561415 302732 655351 941398 362935 587933 56247 973758 790615 598210 489898 974902 661005 421804 72388
953935 997224 163255 722757 802456 888840 30117 436899 57683 785914 728075 626559 876881 970285 655098
5
523794 827185 548075 54950 339438 169505 330695 622042 757227 793323 766455 445794 25940 667462 534190
506978 861488 138536 895629 244969 396801 714989 850122 705980 676300 454026 902451 948048 831741 311265
5
115184 882357 674389 405283 632163 504955 499794 280535 563325 468168 928895 411055 104640 326217 662716
415866 683784 736846 305766 612 897911 695921 976935 967600 366032 219276 200226 123336 941163 725116
5
53107 414374 884265 931896 807544 447803 71676 973566 438636 935120 647514 341169 313412 12314 627088
786103 811463 184650 981534 43870 799435 501406 737716 482954 454539 394535 104749 145851 193048 73527
5
1555 735102 995690 938846 570966 511588 784780 78861 85082 612026 914071 879605 327198 158141 537694
875641 65406 760999 671744 169872 432612 39427 93237 990196 495098 989438 458875 661150 728587 612046
5
727337 545594 437020 714749 330744 780973 132434 309548 513057 145448 951943 660745 660080 453077 781797
851555 564572 854053 736386 395043 869667 110620 792171 94007 538261 327126 641723 879954 420816 517486
5
644533 607486 862513 160110 856146 771837 906341 149439 693207 115697 861115 295356 497963 619942 5596
208620 140053 688878 492522 797994 776081 955386 415996 38861 139048 437069 921848 276966 862734 10030
5
12811 356966 690430 312094 484637 835980 787510 229799 415654 738835 744798 831363 1995 209117 703383
509343 595226 471554 396301 550802 299599 796124 993256 438293 846966 257087 169962 745795 943220 432535
5
109760 108169 5665 747014 633511 719581 822646 748456 124774 491521 480 823936 420667 247743 527463
446782 779449 562453 115071 772220 941536 222679 669319 418142 921248 960764 930776 515442 693378 41110
5
518647 362542 607178 943318 978885 318802 205347 183556 541990 269900 108370 794499 24585 323853 462362
579917 396296 794829 371345 982467 510082 372298 65675 543494 42294 526101 151714 629222 556388 298907
5
854368 154726 770033 385574 449812 14778 491503 727803 805798 728049 280346 689578 670839 336750 114193
510299 611853 710026 732479 374133 690875 262756 673587 874670 987541 545623 467540 237515 660744 750710
5
54764 479352 858588 490709 778255 98 795803 663275 887665 413514 682839 83541 118164 792857 166482
418420 717469 586225 345177 678266 243048 108611 519078 263013 139823 258519 356547 183364 313383 979631
5
722149 515663 5701 597497 815591 197379 984192 546323 236494 717057 771046 531721 885309 499173 477067
935538 881406 26563 617859 646902 588773 639928 864039 51154 335214 96438 671895 967371 869038 432436
5
362829 506440 657863 346853 789534 774358 15745 71929 38030 702512 904415 806713 763094 663706 993605
342837 773539 80466 23646 719372 49653 629657 56137 533382 321287 97985 429886 274847 379402 288578
5
479924 644689 194854 344741 500755 154934 63192 911913 432335 922060 937775 664938 83805 927915 693891
252987 609488 999772 960749 608181 225156 93715 337408 712984 571680 634867 329433 12167 959338 101556
5
399801 713342 661486 658489 325398 274930 92788 219299 492596 410782 398839 749782 667118 138883 955169
649433 793916 651150 463620 158235 977829 527193 256290 798287 25566 909622 447876 361869 306767 125123
5
808191 742042 848576 305211 308757 942022 65825 409818 176002 962866 711635 325333 546379 364668 685269
877211 393035 863746 541233 493714 483984 818511 959554 470486 79723 854114 169288 123462 308303 478332
5
645103 286386 898296 689615 875953 25861 476375 990178 637457 34463 681606 66554 871460 823780 122922
960509 607702 836738 954601 765138 698762 402514 59290 551527 108132 107898 41952 594990 951855 595817
5
578466 728268 659942 686906 138916 30900 913732 600561 126226 265431 530414 104249 367015 274423 234383
358389 903171 578399 472702 5873 467057 637541 938159 210444 998867 287616 762184 388660 870601 246356
5
725498 360365 222969 864734 229929 966218 401874 413385 680601 128213 234021 407848 824045 149243 124091
109681 824474 299163 649347 154433 434730 741088 927415 763276 881707 647624 234797 97805 966740 395140
5
663715 258740 199326 500087 620481 376124 955411 462682 620094 392888 9972 523865 683717 266287 88782
734380 259448 256481 928985 141374 732522 324252 654205 380183 512571 10539 76147 806033 539030 117265
5
70666 823765 582838 924731 85386 189304 897783 795294 485497 523438 467990 823761 660030 890912 816495
843535 185691 596968 399868 51428 176681 657080 907366 582790 660928 837057 901944 451762 496795 470513
5
362814 669804 223897 804674 329980 730332 482048 473979 727488 233636 464005 299929 736171 656307 811668
900940 661156 241022 514382 246773 280271 596157 162033 244800 254357 960071 724267 884400 349718 882120
