20
140
17748 824766 17748 47374 914822 372140 479037 343137 424 669515 238274 427519 764099 670477 424 343137 343137 518123 343137 47374 87031 372140 824766 372140 914822 238274 669515 914822 427519 372140 518123 518123 732185 47374 518123 732185 669515 454822 17748 454822 914822 454822 764099 343137 17748 696880 824766 670477 670477 696880 454822 518123 454822 565816 47374 914822 670477 477828 87031 372140 17748 87031 47374 670477 372140 914822 670477 565816 669515 696880 732185 343137 824766 696880 17748 824766 824766 87031 47374 518123 914822 824766 479037 343137 732185 518123 427519 17748 764099 17748 343137 696880 477828 17748 696880 47374 669515 87031 670477 372140 17748 454822 87031 670477 427519 343137 47374 427519 669515 238274 732185 670477 343137 343137 479037 424 47374 518123 427519 764099 824766 914822 424 238274 518123 427519 518123 238274 696880 669515 518123 238274 764099 824766 670477 696880 914822 17748 669515 47374
49
670477 424 732185 17748 238274 238274 696880 696880 87031 669515 454822 343137 696880 518123 914822 477828 343137 824766 518123 914822 518123 732185 764099 670477 427519 87031 17748 824766 479037 914822 764099 424 696880 372140 479037 696880 696880 764099 696880 477828 372140 764099 518123 669515 670477 764099 565816 764099 427519
181
670477 424 343137 477828 87031 824766 565816 696880 424 372140 372140 427519 670477 479037 670477 732185 518123 518123 87031 477828 565816 343137 565816 732185 479037 914822 764099 669515 454822 17748 238274 518123 518123 424 47374 17748 372140 914822 764099 424 454822 565816 696880 477828 670477 47374 17748 565816 343137 343137 764099 764099 732185 669515 343137 732185 343137 479037 372140 427519 914822 477828 372140 518123 372140 47374 454822 669515 479037 424 479037 454822 424 238274 17748 343137 518123 518123 824766 424 670477 47374 764099 47374 670477 518123 454822 670477 669515 47374 670477 479037 824766 518123 479037 764099 670477 427519 47374 454822 764099 87031 424 764099 477828 427519 47374 732185 87031 343137 565816 87031 764099 824766 343137 454822 47374 343137 47374 424 424 518123 565816 670477 47374 427519 669515 479037 696880 238274 565816 87031 732185 17748 424 565816 764099 427519 477828 238274 454822 479037 238274 17748 454822 238274 565816 87031 238274 479037 824766 238274 87031 87031 914822 479037 477828 17748 424 238274 238274 669515 732185 670477 824766 372140 824766 764099 17748 732185 343137 824766 87031 17748 87031 732185 372140 343137 824766 238274 372140
92
424 479037 477828 670477 669515 914822 47374 424 424 477828 914822 454822 669515 696880 87031 424 372140 87031 732185 427519 238274 824766 17748 343137 518123 454822 764099 670477 696880 669515 343137 454822 764099 696880 424 565816 732185 343137 372140 477828 477828 824766 427519 518123 669515 424 565816 343137 454822 47374 696880 17748 696880 914822 518123 17748 732185 824766 914822 17748 427519 343137 454822 477828 732185 17748 824766 764099 454822 565816 518123 479037 47374 424 17748 427519 764099 479037 732185 424 732185 914822 47374 824766 518123 518123 669515 764099 565816 87031 824766 669515
14
427519 477828 238274 670477 565816 424 696880 427519 454822 427519 479037 669515 238274 87031
209
47374 372140 732185 824766 454822 518123 696880 47374 47374 670477 696880 372140 824766 372140 424 454822 914822 669515 238274 427519 454822 424 914822 824766 764099 372140 454822 565816 670477 696880 454822 565816 824766 372140 518123 454822 372140 764099 670477 343137 87031 47374 47374 764099 479037 424 479037 17748 479037 17748 427519 670477 479037 764099 477828 427519 696880 343137 764099 518123 914822 670477 47374 454822 477828 17748 565816 477828 732185 764099 427519 732185 565816 669515 732185 732185 732185 696880 670477 824766 343137 17748 87031 87031 565816 669515 47374 47374 343137 518123 477828 427519 47374 479037 764099 824766 696880 87031 238274 372140 764099 669515 454822 518123 17748 824766 669515 764099 427519 238274 764099 479037 669515 47374 914822 343137 87031 732185 518123 427519 238274 732185 372140 670477 47374 669515 479037 454822 343137 372140 47374 343137 238274 238274 87031 696880 565816 732185 238274 479037 427519 343137 732185 479037 479037 238274 670477 670477 372140 669515 669515 17748 565816 914822 372140 914822 454822 696880 824766 454822 565816 87031 696880 477828 565816 732185 914822 696880 696880 670477 696880 87031 696880 477828 732185 427519 479037 87031 764099 427519 669515 47374 914822 47374 565816 696880 670477 343137 764099 372140 824766 17748 732185 764099 454822 565816 669515 914822 732185 427519 17748 479037 479037 427519 343137 17748 17748 518123 670477
18
427519 477828 518123 824766 343137 87031 424 424 479037 518123 47374 518123 518123 764099 565816 87031 914822 17748
251
479037 914822 454822 47374 764099 696880 764099 518123 669515 670477 565816 372140 764099 238274 732185 427519 696880 477828 518123 238274 764099 669515 732185 47374 824766 477828 372140 565816 47374 696880 238274 87031 518123 372140 343137 372140 669515 914822 372140 87031 427519 565816 732185 518123 477828 479037 87031 343137 87031 17748 518123 427519 477828 477828 372140 427519 477828 824766 824766 424 518123 372140 238274 696880 565816 670477 343137 47374 732185 427519 764099 17748 914822 518123 454822 824766 670477 518123 372140 424 17748 477828 696880 424 454822 47374 477828 238274 372140 696880 764099 17748 477828 454822 238274 372140 427519 17748 424 670477 17748 238274 424 424 424 518123 565816 670477 47374 477828 670477 47374 518123 87031 87031 669515 824766 764099 372140 17748 696880 343137 565816 479037 17748 454822 670477 343137 565816 17748 518123 87031 238274 764099 732185 238274 479037 17748 670477 565816 764099 47374 372140 764099 47374 454822 764099 477828 670477 824766 87031 343137 518123 343137 670477 343137 17748 732185 238274 47374 454822 670477 696880 669515 87031 238274 87031 238274 824766 238274 87031 479037 479037 669515 479037 732185 670477 824766 427519 454822 669515 477828 479037 87031 669515 518123 238274 87031 479037 427519 343137 669515 479037 670477 479037 764099 47374 669515 669515 764099 47374 669515 47374 17748 764099 764099 669515 17748 427519 732185 696880 372140 565816 696880 238274 479037 424 454822 372140 372140 427519 565816 565816 47374 824766 696880 565816 824766 454822 669515 764099 565816 764099 914822 424 565816 17748 477828 696880 732185 343137 670477 372140 427519 565816 238274 238274 477828 424 670477 732185
258
764099 565816 477828 479037 477828 479037 47374 372140 914822 764099 824766 824766 427519 372140 696880 47374 477828 17748 914822 424 824766 343137 696880 565816 87031 477828 669515 454822 372140 669515 47374 565816 87031 764099 696880 454822 87031 764099 424 670477 47374 669515 764099 669515 427519 238274 518123 427519 372140 518123 372140 518123 670477 669515 914822 914822 424 427519 17748 427519 732185 565816 454822 914822 47374 238274 669515 565816 670477 17748 17748 696880 427519 518123 454822 427519 343137 238274 47374 427519 424 565816 479037 424 670477 670477 427519 372140 764099 824766 565816 454822 732185 343137 477828 696880 914822 669515 343137 479037 424 479037 914822 427519 87031 696880 477828 343137 764099 427519 518123 454822 238274 343137 732185 372140 427519 764099 427519 824766 669515 696880 87031 479037 454822 477828 477828 343137 479037 824766 87031 696880 477828 17748 427519 477828 696880 17748 343137 47374 669515 732185 17748 343137 17748 454822 914822 732185 47374 238274 565816 518123 343137 87031 17748 565816 764099 424 824766 669515 565816 87031 372140 914822 479037 87031 824766 427519 479037 372140 87031 914822 764099 696880 87031 47374 518123 696880 732185 669515 424 824766 427519 424 427519 696880 670477 17748 238274 454822 87031 454822 764099 238274 343137 87031 732185 17748 477828 47374 824766 87031 670477 238274 914822 477828 479037 914822 372140 372140 914822 343137 427519 427519 238274 372140 87031 238274 424 372140 47374 47374 479037 565816 17748 696880 343137 238274 914822 479037 565816 47374 87031 914822 764099 479037 479037 764099 424 764099 824766 47374 670477 17748 477828 479037 479037 343137 454822 424 696880 424 427519 732185 454822 518123 427519 424
190
87031 518123 427519 479037 87031 454822 17748 732185 518123 764099 343137 565816 238274 518123 732185 47374 479037 372140 17748 427519 732185 17748 669515 427519 914822 17748 824766 87031 238274 518123 87031 372140 372140 670477 824766 424 914822 424 764099 343137 565816 764099 477828 343137 824766 670477 238274 518123 238274 372140 427519 824766 669515 427519 670477 427519 764099 732185 696880 87031 764099 764099 372140 479037 238274 17748 87031 343137 824766 479037 87031 238274 696880 424 824766 424 238274 424 47374 424 669515 372140 479037 764099 87031 732185 427519 454822 518123 238274 424 427519 17748 17748 477828 477828 914822 696880 914822 479037 670477 424 824766 732185 427519 669515 479037 824766 17748 47374 17748 372140 565816 427519 565816 732185 238274 479037 424 764099 87031 565816 17748 696880 17748 427519 17748 343137 824766 17748 479037 732185 732185 427519 696880 427519 47374 238274 87031 424 17748 696880 670477 914822 424 565816 824766 87031 343137 565816 565816 824766 732185 47374 479037 343137 914822 914822 238274 87031 518123 47374 518123 424 238274 914822 87031 372140 696880 914822 424 424 670477 669515 454822 732185 87031 518123 670477 479037 764099 479037 87031 479037 824766 764099 454822 669515 764099 669515
113
479037 343137 427519 87031 343137 343137 343137 238274 343137 238274 824766 824766 372140 670477 47374 424 764099 669515 372140 732185 696880 424 17748 518123 427519 343137 87031 764099 669515 343137 824766 518123 454822 914822 47374 764099 732185 565816 696880 696880 372140 372140 454822 696880 914822 238274 764099 343137 764099 824766 732185 669515 732185 343137 424 343137 764099 454822 670477 238274 477828 372140 669515 343137 424 87031 914822 47374 670477 477828 372140 477828 427519 732185 17748 343137 424 914822 87031 87031 477828 824766 732185 87031 732185 565816 372140 565816 427519 343137 87031 518123 238274 914822 424 343137 670477 732185 238274 477828 669515 669515 565816 914822 477828 87031 477828 565816 565816 427519 914822 696880 372140
95
372140 824766 670477 764099 565816 454822 477828 477828 477828 670477 696880 914822 427519 238274 670477 477828 669515 424 454822 732185 732185 914822 696880 565816 732185 479037 914822 670477 372140 518123 87031 479037 454822 427519 696880 732185 477828 565816 427519 669515 47374 914822 824766 424 372140 17748 479037 824766 47374 424 343137 565816 238274 669515 87031 477828 47374 732185 17748 669515 343137 479037 670477 565816 479037 764099 914822 518123 424 732185 732185 764099 477828 696880 565816 764099 87031 17748 824766 669515 427519 343137 670477 424 17748 518123 87031 824766 479037 696880 238274 518123 669515 47374 764099
217
238274 87031 372140 565816 238274 17748 824766 669515 670477 477828 477828 764099 424 87031 518123 696880 669515 454822 732185 914822 479037 824766 670477 914822 565816 479037 518123 343137 518123 454822 17748 238274 343137 477828 424 696880 238274 454822 696880 47374 669515 238274 669515 343137 343137 764099 454822 424 343137 518123 732185 764099 824766 824766 424 47374 479037 87031 372140 518123 343137 17748 47374 427519 238274 424 427519 518123 454822 824766 764099 87031 87031 914822 824766 343137 669515 824766 565816 17748 914822 454822 824766 477828 477828 479037 343137 454822 47374 343137 343137 479037 696880 764099 427519 764099 343137 87031 565816 424 518123 670477 479037 565816 479037 47374 518123 670477 238274 424 454822 670477 238274 824766 427519 732185 17748 47374 477828 518123 696880 479037 477828 518123 824766 47374 17748 764099 914822 732185 372140 372140 454822 47374 696880 518123 914822 518123 732185 764099 17748 732185 424 696880 238274 764099 87031 669515 565816 824766 87031 47374 238274 427519 824766 343137 427519 518123 454822 914822 47374 87031 914822 518123 424 87031 565816 914822 764099 565816 696880 670477 238274 518123 238274 479037 47374 479037 565816 477828 477828 372140 669515 669515 696880 669515 565816 343137 238274 696880 479037 479037 454822 518123 47374 732185 670477 670477 427519 343137 424 47374 427519 669515 479037 764099 454822 764099 824766 372140 424 479037 427519 669515 372140 764099 47374
29
343137 424 238274 454822 372140 87031 454822 87031 427519 479037 732185 732185 47374 696880 696880 479037 47374 343137 732185 427519 343137 670477 454822 824766 238274 764099 824766 427519 47374
75
477828 427519 764099 914822 670477 427519 343137 238274 87031 454822 424 518123 732185 454822 17748 914822 238274 696880 824766 824766 565816 914822 824766 479037 824766 732185 47374 479037 518123 764099 372140 17748 427519 424 424 824766 914822 238274 696880 238274 824766 238274 427519 427519 238274 764099 238274 17748 477828 372140 427519 47374 47374 824766 424 732185 914822 343137 343137 670477 565816 764099 477828 914822 479037 824766 670477 47374 824766 477828 518123 238274 477828 427519 670477
21
372140 669515 454822 343137 424 238274 696880 479037 669515 424 669515 696880 87031 824766 669515 696880 669515 238274 424 732185 479037
82
824766 238274 47374 87031 424 764099 565816 17748 824766 696880 670477 87031 427519 824766 914822 518123 372140 479037 764099 518123 477828 424 17748 914822 17748 17748 732185 454822 372140 47374 87031 47374 477828 764099 427519 732185 17748 764099 477828 764099 669515 670477 424 427519 238274 87031 670477 696880 696880 914822 47374 732185 477828 518123 565816 696880 518123 764099 238274 670477 17748 372140 427519 824766 565816 427519 732185 424 518123 669515 427519 343137 238274 372140 518123 343137 764099 518123 670477 824766 732185 696880
134
372140 424 238274 732185 565816 670477 764099 824766 824766 565816 427519 427519 454822 479037 670477 454822 914822 343137 670477 696880 87031 732185 696880 696880 477828 372140 343137 343137 424 343137 427519 669515 824766 732185 454822 670477 669515 518123 764099 764099 343137 238274 479037 427519 670477 17748 427519 238274 424 764099 238274 479037 424 477828 424 477828 17748 238274 424 565816 696880 454822 427519 47374 670477 17748 454822 87031 238274 47374 670477 479037 914822 454822 477828 824766 696880 17748 669515 732185 238274 343137 914822 565816 764099 565816 454822 424 565816 427519 427519 914822 87031 565816 669515 824766 343137 914822 427519 47374 732185 479037 565816 454822 343137 518123 669515 479037 424 565816 914822 732185 732185 427519 47374 238274 87031 427519 669515 696880 427519 479037 565816 238274 696880 17748 696880 238274 914822 518123 427519 824766 343137 424
226
565816 565816 454822 238274 47374 732185 424 914822 17748 479037 732185 670477 479037 732185 824766 565816 372140 238274 343137 732185 670477 372140 669515 764099 47374 479037 669515 670477 824766 87031 670477 372140 670477 764099 732185 824766 343137 518123 47374 670477 696880 87031 372140 764099 427519 477828 238274 424 47374 670477 343137 372140 565816 824766 670477 764099 372140 454822 427519 17748 343137 764099 17748 424 670477 47374 424 343137 477828 427519 372140 343137 47374 87031 518123 343137 518123 732185 477828 47374 372140 427519 343137 87031 477828 372140 670477 670477 669515 87031 454822 47374 479037 454822 914822 454822 479037 764099 87031 427519 479037 372140 669515 238274 427519 696880 565816 479037 454822 696880 424 17748 518123 764099 824766 47374 47374 427519 914822 696880 914822 87031 17748 477828 764099 696880 824766 565816 565816 343137 424 914822 47374 764099 518123 477828 427519 565816 696880 87031 343137 670477 518123 732185 238274 670477 238274 696880 477828 565816 454822 732185 824766 696880 914822 670477 238274 479037 732185 669515 477828 764099 479037 454822 454822 518123 477828 518123 824766 343137 47374 479037 696880 764099 477828 454822 670477 47374 47374 914822 87031 732185 670477 670477 424 454822 238274 424 47374 696880 479037 824766 914822 343137 454822 427519 670477 518123 372140 669515 427519 518123 372140 238274 343137 670477 454822 732185 343137 696880 372140 238274 518123 824766 732185 518123 238274 824766 238274 479037 454822 669515 518123 427519 732185 732185
145
454822 477828 479037 87031 565816 479037 479037 87031 87031 669515 47374 477828 424 914822 479037 732185 238274 696880 17748 454822 17748 669515 424 477828 87031 824766 670477 427519 424 454822 670477 477828 424 17748 477828 696880 696880 477828 454822 696880 477828 824766 427519 477828 87031 87031 427519 696880 565816 565816 824766 17748 17748 669515 479037 696880 670477 427519 518123 17748 87031 669515 824766 47374 669515 372140 47374 477828 732185 479037 669515 238274 824766 518123 238274 670477 518123 424 479037 479037 372140 696880 454822 764099 824766 696880 696880 669515 372140 696880 343137 454822 696880 47374 914822 424 17748 764099 238274 696880 670477 696880 343137 732185 696880 424 454822 17748 518123 479037 670477 518123 47374 764099 479037 479037 238274 669515 454822 427519 479037 427519 238274 565816 914822 47374 372140 343137 670477 427519 732185 824766 479037 696880 238274 17748 238274 477828 47374 87031 696880 477828 764099 518123 518123
