7

4 3 4 1
1 2
1 3
1 4
0
1 2
1 3
1 4
3 2 3 4 1

4 3 4 1
1 2
1 3
1 4
0
2 2 3
1 3
1 4
3 2 3 4 1

2 1 4 2
1 2
2 2 3
1 4
3 2 3 4 1
2 2 3 4

11 10 17 9
1 2   2 3   3 4   4 5   5 6   6 7   7 8   8 9   9 10   10 11
4 2 3 4 5
0
0
0
0
0
0
0
0
0
4 6 7 8 9
2 2 6 10
2 3 7 11
2 4 8 12
2 5 9 13
2 10 11 14
2 12 13 15
3 14 14 14 16
3 15 15 15 17
2 16 17 1

11 10 33 30
1 2   2 3   3 4   4 5   5 6   6 7   7 8   8 9   9 10   10 11
1 2
0
0
0
0
1 3
0
0
0
0
1 4
3  2  3  4  5
3  5  5  5  6
3  6  6  6  7
3  7  7  7  8
3  8  8  8  9
3  9  9  9 10
3 10 10 10 11
3 11 11 11 12
3 12 12 12 13
3 13 13 13 14
3 14 14 14 15
3 15 15 15 16
3 16 16 16 17
3 17 17 17 18
3 18 18 18 19
3 19 19 19 20
3 20 20 20 21
3 21 21 21 22
3 22 22 22 23
3 23 23 23 24
3 24 24 24 25
3 25 25 25 26
3 26 26 26 27
3 27 27 27 28
3 28 28 28 29
3 29 29 29 30
3 30 30 30 31
3 31 31 31 32
3 32 32 32 33
3 25 25 25 1

11 10 10 7
1 2   2 3   3 4   4 5   5 6   6 7   7 8   8 9   9 10   10 11
1 2
0
0
0
0
1 3
0
0
0
0
1 4
3  2  3  4  5
3  5  5  5  6
3  6  6  6  7
3  7  7  7  8
3  8  8  8  9
3  9  9  9 10
3 10 10 10  1

16 15 10 4
1 2   2 3   3 4   4 5   5 6   6 7   7 8   8 9   9 10   10 11   6 12   12 13   13 14   14 15    15 16
1 2
0
0
0
0
1 3
0
0
0
0
1 4
0
0
0
0
1 5
3  2  4  5  6
2  3  6  8
5  8  8  8  8  8  1
