100
25 1000000000000 9999999999901
25 1000000000000 9999999999902
25 1000000000000 9999999999903
25 1000000000000 9999999999904
25 1000000000000 9999999999905
25 1000000000000 9999999999906
25 1000000000000 9999999999907
25 1000000000000 9999999999908
25 1000000000000 9999999999909
25 1000000000000 9999999999910
25 1000000000000 9999999999911
25 1000000000000 9999999999912
25 1000000000000 9999999999913
25 1000000000000 9999999999914
25 1000000000000 9999999999915
25 1000000000000 9999999999916
25 1000000000000 9999999999917
25 1000000000000 9999999999918
25 1000000000000 9999999999919
25 1000000000000 9999999999920
25 1000000000000 9999999999921
25 1000000000000 9999999999922
25 1000000000000 9999999999923
25 1000000000000 9999999999924
25 1000000000000 9999999999925
25 1000000000000 9999999999926
25 1000000000000 9999999999927
25 1000000000000 9999999999928
25 1000000000000 9999999999929
25 1000000000000 9999999999930
25 1000000000000 9999999999931
25 1000000000000 9999999999932
25 1000000000000 9999999999933
25 1000000000000 9999999999934
25 1000000000000 9999999999935
25 1000000000000 9999999999936
25 1000000000000 9999999999937
25 1000000000000 9999999999938
25 1000000000000 9999999999939
25 1000000000000 9999999999940
25 1000000000000 9999999999941
25 1000000000000 9999999999942
25 1000000000000 9999999999943
25 1000000000000 9999999999944
25 1000000000000 9999999999945
25 1000000000000 9999999999946
25 1000000000000 9999999999947
25 1000000000000 9999999999948
25 1000000000000 9999999999949
25 1000000000000 9999999999950
25 1000000000000 9999999999951
25 1000000000000 9999999999952
25 1000000000000 9999999999953
25 1000000000000 9999999999954
25 1000000000000 9999999999955
25 1000000000000 9999999999956
25 1000000000000 9999999999957
25 1000000000000 9999999999958
25 1000000000000 9999999999959
25 1000000000000 9999999999960
25 1000000000000 9999999999961
25 1000000000000 9999999999962
25 1000000000000 9999999999963
25 1000000000000 9999999999964
25 1000000000000 9999999999965
25 1000000000000 9999999999966
25 1000000000000 9999999999967
25 1000000000000 9999999999968
25 1000000000000 9999999999969
25 1000000000000 9999999999970
25 1000000000000 9999999999971
25 1000000000000 9999999999972
25 1000000000000 9999999999973
25 1000000000000 9999999999974
25 1000000000000 9999999999975
25 1000000000000 9999999999976
25 1000000000000 9999999999977
25 1000000000000 9999999999978
25 1000000000000 9999999999979
25 1000000000000 9999999999980
25 1000000000000 9999999999981
25 1000000000000 9999999999982
25 1000000000000 9999999999983
25 1000000000000 9999999999984
25 1000000000000 9999999999985
25 1000000000000 9999999999986
25 1000000000000 9999999999987
25 1000000000000 9999999999988
25 1000000000000 9999999999989
25 1000000000000 9999999999990
25 1000000000000 9999999999991
25 1000000000000 9999999999992
25 1000000000000 9999999999993
25 1000000000000 9999999999994
25 1000000000000 9999999999995
25 1000000000000 9999999999996
25 1000000000000 9999999999997
25 1000000000000 9999999999998
25 1000000000000 9999999999999
25 1000000000000 10000000000000
